2 57737.0 105058.0 2473.2 1603.65
10 11580.0 12242.0 6041.67 11053.76
20 18003.0 23114.0 10468.01 22707.24
30 25245.0 34809.0 14880.32 35612.48
40 32143.0 46269.0 19351.02 46828.62
50 39567.0 57724.0 23876.99 57791.53
100 75377.0 116569.0 46364.77 116440.35
150 113634.0 185708.0 69460.67 174777.73
200 150136.0 249019.0 92387.24 232994.52
300 221903.0 375151.0 135931.83 352644.33
400 295319.0 504955.0 179092.92 467722.92
500 371730.0 605705.0 224496.21 587037.96
1000 716408.0 1190594.0 446700.67 1168184.98
1500 1060121.0 1755345.0 672854.64 1763491.67
2000 1423617.0 2364407.0 898149.89 2345802.7
5000 3389446.0 5859218.0 2257698.55 5883854.31
10000 6395130.0 1.1752794E7 4452411.39 1.178669752E7
25000 1.4169241E7 2.9455345E7 1.121972635E7 2.965775399E7
50000 2.3336279E7 5.8870836E7 2.240925023E7 5.926034036E7
75000 3.3985823E7 8.8503032E7 3.349741931E7 8.914035116E7
100000 4.5151297E7 1.22511361E8 4.510753255E7 1.1954142289E8
250000 1.12317066E8 3.07246699E8 1.1312186816E8 3.0892450893E8
500000 2.28727665E8 6.24441205E8 2.2791684145E8 6.4123183662E8
