2 3072.0 9984.0 184.32 816.64
10 0.0 1024.0 350.72 1592.32
20 0.0 2048.0 404.48 1838.08
30 1024.0 2048.0 424.96 3046.4
40 0.0 1024.0 499.2 3100.16
50 0.0 4096.0 565.76 4536.32
100 2048.0 8960.0 890.88 5399.04
150 3072.0 1024.0 1351.68 6323.2
200 1024.0 7936.0 2856.96 10467.84
300 768.0 15872.0 2839.04 18158.08
400 5120.0 5120.0 3112.96 23956.48
500 9984.0 30976.0 4395.52 29383.68
1000 5888.0 54016.0 8535.04 61701.12
1500 25088.0 80896.0 12459.52 82670.08
2000 39936.0 96768.0 15976.96 81251.84
5000 11776.0 179968.0 37608.96 274603.52
10000 86016.0 30976.0 80199.68 475059.2
25000 97024.0 1016064.0 189053.44 1634199.04
50000 325888.0 3504128.0 394496.0 2518481.92
75000 800000.0 1005056.0 603729.92 4517329.92
100000 1192960.0 1.1531776E7 737384.96 7599836.16
250000 2843904.0 6934016.0 1960184.32 1.659171072E7
500000 2583040.0 6.0109824E7 3958551.04 3.318687488E7
