2 3072.0 221952.0 2522112.0 2509824.0
10 1024.0 9216.0 3840.0 25088.0
20 1024.0 14848.0 4864.0 37120.0
30 768.0 23040.0 9216.0 79872.0
40 1024.0 29184.0 18944.0 130048.0
50 1024.0 35072.0 20992.0 114944.0
100 3072.0 69120.0 40960.0 263936.0
150 3840.0 101888.0 55040.0 453888.0
200 9216.0 129792.0 82944.0 748032.0
300 8960.0 198144.0 137984.0 876032.0
400 15104.0 365056.0 195072.0 1190912.0
500 9984.0 293120.0 256000.0 1915904.0
1000 19200.0 623104.0 465920.0 4062976.0
1500 44032.0 1179904.0 531968.0 6383872.0
2000 40960.0 1449984.0 993024.0 8671232.0
5000 88832.0 2828032.0 3043072.0 2.209408E7
10000 302080.0 6030080.0 5328128.0 4.9061888E7
25000 476928.0 1.8217984E7 1.1560192E7 1.47499776E8
50000 1110016.0 3.7917184E7 2.8141056E7 3.04691968E8
75000 1585152.0 5.4068992E7 4.547584E7 4.58054912E8
100000 1744896.0 6.6834944E7 5.7081088E7 6.24790016E8
250000 5463040.0 1.75912192E8 1.60550912E8 1.826774784E9
500000 9947136.0 3.56241152E8 3.23971072E8 4.33894912E9
