2 8.0 1.0 0.7071067811865476 0.5946035575013605 0.5358867312681466 0.5 0.0 0.0
10 97.65625 0.09765625 0.03088161777508183 0.017366009863661356 0.012294193474552417 0.009765625 0.0 0.0
20 3.0517578125 3.814697265625E-4 8.529922399520072E-5 4.0335512673971715E-5 2.5735527947875284E-5 1.9073486328125E-5 0.0 0.0
30 0.022631138563156128 8.381903171539307E-7 1.5303191472920574E-7 6.538854872772607E-8 3.9258482674611167E-8 2.7939677238464355E-8 0.0 0.0
40 9.313225746154785E-5 1.4551915228366852E-9 2.3008598219664267E-10 9.149032337030334E-11 5.26097410180928E-11 3.637978807091713E-11 0.0 0.0
50 2.7755575615628914E-7 2.220446049250313E-12 3.14018491736755E-13 1.180898911311565E-13 6.56700310410014E-14 4.440892098500626E-14 0.0 0.0
100 7.888609052210118E-21 7.888609052210118E-27 7.888609052210118E-28 2.494597217560611E-28 1.2502602784834938E-28 7.888609052210118E-29 0.0 0.0
150 5.32055510673329E-35 1.5764607723654192E-41 1.287174830603047E-42 3.67802540105585E-43 1.7346067632009464E-43 1.0509738482436128E-43 0.0 0.0
200 1.9913648889155653E-49 2.4892061111444567E-56 1.7601345209612403E-57 4.680458100449699E-58 2.1141405802207482E-58 1.2446030555722283E-58 0.0 0.0
300 1.1929097120673476E-78 4.418184118767954E-86 2.5508397903000077E-87 6.129186963761961E-88 2.605161677592232E-88 1.472728039589318E-88 0.0 0.0
400 3.965534120805702E-108 6.196147063758909E-116 3.0980735318794546E-117 6.927503016575322E-118 2.820120885241158E-118 1.5490367659397273E-118 0.0 0.0
500 9.546676135936265E-138 7.637340908749012E-146 3.415522687860562E-147 7.222951079546067E-148 2.843604368732179E-148 1.5274681817498023E-148 0.0 0.0
1000 9.332636185032189E-287 9.332636185032189E-296 2.951238691840634E-297 5.248126999810405E-298 1.862105727930967E-298 9.332636185032189E-299 0.0 0.0
1500 0.0 0.0 0.0 0.0 0.0 0.0 0.0 0.0
2000 0.0 0.0 0.0 0.0 0.0 0.0 0.0 0.0
5000 0.0 0.0 0.0 0.0 0.0 0.0 0.0 0.0
10000 0.0 0.0 0.0 0.0 0.0 0.0 0.0 0.0
25000 0.0 0.0 0.0 0.0 0.0 0.0 0.0 0.0
50000 0.0 0.0 0.0 0.0 0.0 0.0 0.0 0.0
75000 0.0 0.0 0.0 0.0 0.0 0.0 0.0 0.0
100000 0.0 0.0 0.0 0.0 0.0 0.0 0.0 0.0
250000 0.0 0.0 0.0 0.0 0.0 0.0 0.0 0.0
500000 0.0 0.0 0.0 0.0 0.0 0.0 0.0 0.0
