0.000000000000000000e+00 3.310557080825491938e-01
5.005005005005004962e-04 5.446575395189773294e-01
1.001001001001000992e-03 -4.120889264857149903e-01
1.501501501501501488e-03 3.374955150337696774e-01
2.002002002002001985e-03 1.907597458377451316e-01
2.502502502502502481e-03 1.845769359725782099e-01
3.003003003003002977e-03 -6.074964232040470646e-01
3.503503503503503473e-03 2.195782416006123450e-01
4.004004004004003969e-03 3.981898242946710909e-01
4.504504504504504465e-03 4.222835747705565024e-01
5.005005005005004962e-03 -5.307160236269808928e-02
5.505505505505505458e-03 -3.951128372380630083e-01
6.006006006006005954e-03 4.109892378302691940e-01
6.506506506506506450e-03 4.527977406407402983e-01
7.007007007007006946e-03 -2.667943033345613890e-01
7.507507507507507442e-03 -3.047689618442188664e-01
8.008008008008007939e-03 4.727202532368294241e-01
8.508508508508507567e-03 3.216651490812707515e-01
9.009009009009008931e-03 2.059106485968149047e-01
9.509509509509510294e-03 6.069297546570709412e-02
1.001001001001000992e-02 5.168852275548967423e-01
1.051051051051050955e-02 -1.923444468923779516e-01
1.101101101101101092e-02 3.348410674893003147e-01
1.151151151151151228e-02 8.701208066631319071e-02
1.201201201201201191e-02 7.607283166530053320e-01
1.251251251251251154e-02 4.940654499412831524e-01
1.301301301301301290e-02 -1.924818991226993903e-01
1.351351351351351426e-02 3.379123717413282102e-01
1.401401401401401389e-02 8.967466711588142902e-02
1.451451451451451352e-02 2.374022047429852345e-01
1.501501501501501488e-02 8.834236005913922996e-02
1.551551551551551625e-02 9.073554430814585459e-01
1.601601601601601588e-02 2.472253682319024148e-01
1.651651651651651551e-02 3.304819084675203467e-01
1.701701701701701513e-02 1.924831536290690093e-01
1.751751751751751823e-02 -2.724189893969695131e-01
1.801801801801801786e-02 1.603226765580118840e-01
1.851851851851851749e-02 3.485019114730771306e-01
1.901901901901902059e-02 4.960922067583992678e-01
1.951951951951952022e-02 1.062741678526216482e+00
2.002002002002001985e-02 2.568201799645663530e-01
2.052052052052051948e-02 8.477554379549701036e-02
2.102102102102101910e-02 -1.307743348110607662e-01
2.152152152152152220e-02 2.080432122908174863e-01
2.202202202202202183e-02 3.486412087879606769e-01
2.252252252252252146e-02 -1.603327678060525452e-01
2.302302302302302456e-02 2.818792195547191737e-01
2.352352352352352419e-02 7.009108068269845893e-01
2.402402402402402382e-02 9.034099094733318847e-01
2.452452452452452344e-02 5.884410490203162425e-01
2.502502502502502307e-02 1.229526606363141594e-01
2.552552552552552617e-02 1.988754088148926291e-01
2.602602602602602580e-02 4.650135328750655273e-01
2.652652652652652543e-02 8.880082794403145741e-01
2.702702702702702853e-02 2.641027397977260271e-01
2.752752752752752816e-02 5.876353740316647700e-01
2.802802802802802778e-02 4.626844535856922680e-01
2.852852852852852741e-02 3.439335379366794676e-01
2.902902902902902704e-02 2.824540528640375192e-01
2.952952952952953014e-02 2.731612252993049772e-01
3.003003003003002977e-02 8.756869998120269116e-01
3.053053053053052940e-02 2.708004056008881388e-01
3.103103103103103250e-02 4.454345397680566920e-01
3.153153153153152866e-02 7.830859609447636815e-01
3.203203203203203175e-02 7.326488785039328988e-01
3.253253253253253485e-02 8.177638623820921993e-01
3.303303303303303101e-02 6.910543638445931780e-01
3.353353353353353411e-02 7.968266602953272271e-01
3.403403403403403027e-02 8.239189564648200514e-01
3.453453453453453337e-02 1.236661125743887535e-02
3.503503503503503647e-02 -1.113027993939341709e-02
3.553553553553553263e-02 5.099956158673133455e-01
3.603603603603603572e-02 1.256087182172631822e+00
3.653653653653653882e-02 1.351448126977116582e+00
3.703703703703703498e-02 7.190082512873905429e-01
3.753753753753753808e-02 1.087461828218684978e+00
3.803803803803804118e-02 8.063403368752916078e-01
3.853853853853853734e-02 1.340958676466808441e+00
3.903903903903904044e-02 8.670072994038763303e-01
3.953953953953953659e-02 4.467273708491641404e-01
4.004004004004003969e-02 6.386134528489352258e-01
4.054054054054054279e-02 7.104520319668135020e-01
4.104104104104103895e-02 5.709325426634623835e-01
4.154154154154154205e-02 1.085647839858391972e+00
4.204204204204203821e-02 5.083649159527798833e-01
4.254254254254254131e-02 5.218231236308930043e-01
4.304304304304304440e-02 5.815528658436689424e-01
4.354354354354354056e-02 7.881837260918600485e-01
4.404404404404404366e-02 4.653454518992483080e-01
4.454454454454454676e-02 8.220905142604929550e-01
4.504504504504504292e-02 9.715659252722297357e-01
4.554554554554554602e-02 8.721295209142861937e-01
4.604604604604604912e-02 1.145420311464267815e+00
4.654654654654654528e-02 1.064566010758625669e+00
4.704704704704704837e-02 1.061108818309163926e+00
4.754754754754754453e-02 1.300729242134345709e+00
4.804804804804804763e-02 3.465451896838411816e-01
4.854854854854855073e-02 1.207497731121452977e+00
4.904904904904904689e-02 1.217816013676122910e+00
4.954954954954954999e-02 1.097305146684710131e+00
5.005005005005004615e-02 9.521850611017602661e-01
5.055055055055054924e-02 1.028792497229074954e+00
5.105105105105105234e-02 1.024610630144967782e+00
5.155155155155154850e-02 5.220610026362171308e-01
5.205205205205205160e-02 9.032403233917817298e-01
5.255255255255255470e-02 1.529783057277408709e+00
5.305305305305305086e-02 1.339065197548055197e+00
5.355355355355355396e-02 1.080760109027016247e+00
5.405405405405405705e-02 1.186331284046243439e+00
5.455455455455455321e-02 1.080221412299747774e+00
5.505505505505505631e-02 8.406623104517392253e-01
5.555555555555555247e-02 1.403054324158814703e+00
5.605605605605605557e-02 8.613230255221332454e-01
5.655655655655655867e-02 5.041206922658189038e-01
5.705705705705705483e-02 9.456945543930737053e-01
5.755755755755755793e-02 9.300485138173133493e-01
5.805805805805805409e-02 1.295358422682039601e+00
5.855855855855855718e-02 1.370042808574827742e+00
5.905905905905906028e-02 8.794233987228996519e-01
5.955955955955955644e-02 1.284116168135628788e+00
6.006006006006005954e-02 1.556815713151611602e+00
6.056056056056056264e-02 8.673197600054550760e-01
6.106106106106105880e-02 6.253222861763241269e-01
6.156156156156156189e-02 1.577998152528253151e+00
6.206206206206206499e-02 1.150299992772187752e+00
6.256256256256256809e-02 8.166138305265020492e-01
6.306306306306305731e-02 8.705012054717922165e-01
6.356356356356356041e-02 1.433542404283180582e+00
6.406406406406406351e-02 1.173931621483929488e+00
6.456456456456456661e-02 1.667984785490963073e+00
6.506506506506506970e-02 1.392402758326984014e+00
6.556556556556555893e-02 1.094303554069961271e+00
6.606606606606606202e-02 1.698682154054406812e+00
6.656656656656656512e-02 1.120996985473342145e+00
6.706706706706706822e-02 1.814813746608255673e+00
6.756756756756757132e-02 1.731508383820669517e+00
6.806806806806806054e-02 8.594992746278522500e-01
6.856856856856856364e-02 1.488685483258166631e+00
6.906906906906906674e-02 8.583848256002239996e-01
6.956956956956956983e-02 9.390380482525453321e-01
7.007007007007007293e-02 1.536529395280261445e+00
7.057057057057057603e-02 1.006791910840151516e+00
7.107107107107106525e-02 8.370482832901271486e-01
7.157157157157156835e-02 1.024855855802017324e+00
7.207207207207207145e-02 1.509821806214569406e+00
7.257257257257257455e-02 1.187070569657871832e+00
7.307307307307307764e-02 9.174468649065772308e-01
7.357357357357356686e-02 1.882020713849474447e+00
7.407407407407406996e-02 1.169790465186130390e+00
7.457457457457457306e-02 1.590375641114601724e+00
7.507507507507507616e-02 1.897673847378817502e+00
7.557557557557557926e-02 1.959871085876504715e+00
7.607607607607608236e-02 1.424634617432699812e+00
7.657657657657657158e-02 1.425913151380437061e+00
7.707707707707707467e-02 1.263354806055732471e+00
7.757757757757757777e-02 1.645645593255596228e+00
7.807807807807808087e-02 1.855979983093522634e+00
7.857857857857858397e-02 1.495090388374464618e+00
7.907907907907907319e-02 1.233040847989660627e+00
7.957957957957957629e-02 1.302193522355778565e+00
8.008008008008007939e-02 1.603636733794108205e+00
8.058058058058058248e-02 1.400292644584369528e+00
8.108108108108108558e-02 1.491383104392492331e+00
8.158158158158157480e-02 1.020034253133729640e+00
8.208208208208207790e-02 8.944613849504715608e-01
8.258258258258258100e-02 1.431325944916393311e+00
8.308308308308308410e-02 1.109412715341588251e+00
8.358358358358358720e-02 1.812118108390307958e+00
8.408408408408407642e-02 2.347655229290197099e+00
8.458458458458457951e-02 1.093924731575728782e+00
8.508508508508508261e-02 1.873115474026517679e+00
8.558558558558558571e-02 1.520354122893790016e+00
8.608608608608608881e-02 1.241476536860475655e+00
8.658658658658659191e-02 1.144238468373352191e+00
8.708708708708708113e-02 1.866468264918280662e+00
8.758758758758758423e-02 1.510872988932117078e+00
8.808808808808808732e-02 1.949038315650966746e+00
8.858858858858859042e-02 1.816655734039982484e+00
8.908908908908909352e-02 1.140755892295321372e+00
8.958958958958958274e-02 1.381771560383378228e+00
9.009009009009008584e-02 2.288303486058171465e+00
9.059059059059058894e-02 8.409889176206950534e-01
9.109109109109109204e-02 1.395189876932984685e+00
9.159159159159159513e-02 1.579978280579225070e+00
9.209209209209209823e-02 2.559130387130072126e+00
9.259259259259258745e-02 1.653871360008281943e+00
9.309309309309309055e-02 1.674093843193790621e+00
9.359359359359359365e-02 1.645344259965858091e+00
9.409409409409409675e-02 1.347836277383254622e+00
9.459459459459459985e-02 1.148319329358651553e+00
9.509509509509508907e-02 1.908026286933321325e+00
9.559559559559559216e-02 2.335349451609103788e+00
9.609609609609609526e-02 1.888081631162280782e+00
9.659659659659659836e-02 2.107970340108898721e+00
9.709709709709710146e-02 2.410152673013444602e+00
9.759759759759759068e-02 1.830363578715836770e+00
9.809809809809809378e-02 2.363812564485708645e+00
9.859859859859859688e-02 1.368119461653737989e+00
9.909909909909909997e-02 2.100866245116331577e+00
9.959959959959960307e-02 1.151099116036495840e+00
1.001001001001000923e-01 1.629331526538301267e+00
1.006006006006005954e-01 1.908081118974038537e+00
1.011011011011010985e-01 1.298559417221371470e+00
1.016016016016016016e-01 2.125064777550062622e+00
1.021021021021021047e-01 2.548967875190833343e+00
1.026026026026026078e-01 2.413367388204310959e+00
1.031031031031030970e-01 1.799911935726350443e+00
1.036036036036036001e-01 2.252769414170008311e+00
1.041041041041041032e-01 1.982957897422358062e+00
1.046046046046046063e-01 1.796901847305328426e+00
1.051051051051051094e-01 1.547042268076404659e+00
1.056056056056055986e-01 1.883013917114136015e+00
1.061061061061061017e-01 1.928690753050873230e+00
1.066066066066066048e-01 1.773224982162546759e+00
1.071071071071071079e-01 1.692141072001416280e+00
1.076076076076076110e-01 1.741146834383981767e+00
1.081081081081081141e-01 2.443010435425205795e+00
1.086086086086086033e-01 1.733588546314144052e+00
1.091091091091091064e-01 1.859730046825084582e+00
1.096096096096096095e-01 2.251934620167529211e+00
1.101101101101101126e-01 1.931645316599061912e+00
1.106106106106106157e-01 1.869681565205223217e+00
1.111111111111111049e-01 1.509472603413711367e+00
1.116116116116116080e-01 1.837136270120196091e+00
1.121121121121121111e-01 1.608702994738126169e+00
1.126126126126126142e-01 2.251207937292358796e+00
1.131131131131131173e-01 1.720355412298160136e+00
1.136136136136136066e-01 1.660845367744893997e+00
1.141141141141141097e-01 2.351978385052110099e+00
1.146146146146146128e-01 2.570120058022832055e+00
1.151151151151151159e-01 1.939519924028436426e+00
1.156156156156156189e-01 2.357647657307568867e+00
1.161161161161161082e-01 1.478857814726096676e+00
1.166166166166166113e-01 1.926788618229734684e+00
1.171171171171171144e-01 2.054175746815127379e+00
1.176176176176176175e-01 2.068318177764675969e+00
1.181181181181181206e-01 1.786958696761478560e+00
1.186186186186186237e-01 1.831412452259693069e+00
1.191191191191191129e-01 1.635170388241380612e+00
1.196196196196196160e-01 2.566861794172770050e+00
1.201201201201201191e-01 2.065466005569827068e+00
1.206206206206206222e-01 2.016380922662766473e+00
1.211211211211211253e-01 2.037457644183390038e+00
1.216216216216216145e-01 2.401808232715267888e+00
1.221221221221221176e-01 1.837807548261142898e+00
1.226226226226226207e-01 2.059355630806906312e+00
1.231231231231231238e-01 2.461926722658882571e+00
1.236236236236236269e-01 2.351684757096598855e+00
1.241241241241241300e-01 2.402181339861924503e+00
1.246246246246246192e-01 2.107761301617981697e+00
1.251251251251251362e-01 2.585298285967850163e+00
1.256256256256256254e-01 2.175507531270393535e+00
1.261261261261261146e-01 1.646173439917543835e+00
1.266266266266266316e-01 2.586508178096390775e+00
1.271271271271271208e-01 2.299269547665369284e+00
1.276276276276276378e-01 2.105381240835960455e+00
1.281281281281281270e-01 2.389879848597746381e+00
1.286286286286286162e-01 2.181674466736609475e+00
1.291291291291291332e-01 2.092916583085779880e+00
1.296296296296296224e-01 2.292508513933199321e+00
1.301301301301301394e-01 2.096259257529918152e+00
1.306306306306306286e-01 2.871248487915567527e+00
1.311311311311311179e-01 2.717355407466212291e+00
1.316316316316316348e-01 1.814444393628732666e+00
1.321321321321321240e-01 2.504819658085050360e+00
1.326326326326326410e-01 2.254160642773658907e+00
1.331331331331331302e-01 3.082202023244767108e+00
1.336336336336336195e-01 2.100806066172484776e+00
1.341341341341341364e-01 2.713051445142756535e+00
1.346346346346346257e-01 1.731610126045239895e+00
1.351351351351351426e-01 2.272639452724934284e+00
1.356356356356356319e-01 2.880959009635274626e+00
1.361361361361361211e-01 2.350606981436825116e+00
1.366366366366366381e-01 1.812072508788891811e+00
1.371371371371371273e-01 1.934048169235180969e+00
1.376376376376376443e-01 2.231855398345467201e+00
1.381381381381381335e-01 1.762045761139239497e+00
1.386386386386386504e-01 2.288025495420703770e+00
1.391391391391391397e-01 2.802545086818945652e+00
1.396396396396396289e-01 2.287069693665045200e+00
1.401401401401401459e-01 2.834149920642627496e+00
1.406406406406406351e-01 2.079224602218176621e+00
1.411411411411411521e-01 2.263655009670801910e+00
1.416416416416416413e-01 2.134408315354079377e+00
1.421421421421421305e-01 2.584674035062274111e+00
1.426426426426426475e-01 2.867479372932639770e+00
1.431431431431431367e-01 2.211803668551330926e+00
1.436436436436436537e-01 2.138673005570201902e+00
1.441441441441441429e-01 2.441286494210537228e+00
1.446446446446446321e-01 2.556827543995202845e+00
1.451451451451451491e-01 2.747051958669493921e+00
1.456456456456456383e-01 2.729572637689391179e+00
1.461461461461461553e-01 1.944169197980568420e+00
1.466466466466466445e-01 2.612986954744867418e+00
1.471471471471471337e-01 1.875569580618198895e+00
1.476476476476476507e-01 2.114634001358277171e+00
1.481481481481481399e-01 1.900714201178792084e+00
1.486486486486486569e-01 1.890727678466955108e+00
1.491491491491491461e-01 2.282046098628493169e+00
1.496496496496496353e-01 2.692619601588893019e+00
1.501501501501501523e-01 2.760296760427579432e+00
1.506506506506506415e-01 2.352881570206012629e+00
1.511511511511511585e-01 2.454002899573083596e+00
1.516516516516516477e-01 2.543332981246788194e+00
1.521521521521521647e-01 2.487522176964751530e+00
1.526526526526526539e-01 2.338009189460407367e+00
1.531531531531531432e-01 1.823544333988995181e+00
1.536536536536536601e-01 2.521840523630131337e+00
1.541541541541541493e-01 2.872602088740722426e+00
1.546546546546546663e-01 2.388042603315918111e+00
1.551551551551551555e-01 2.974696400781317696e+00
1.556556556556556448e-01 2.644831616436445376e+00
1.561561561561561617e-01 2.912279948722755751e+00
1.566566566566566510e-01 3.044634009331042002e+00
1.571571571571571679e-01 2.249659703389460308e+00
1.576576576576576572e-01 2.062592355577046010e+00
1.581581581581581464e-01 2.083677808953444899e+00
1.586586586586586634e-01 2.043604185536216811e+00
1.591591591591591526e-01 2.540061969757756000e+00
1.596596596596596696e-01 2.496392028658719564e+00
1.601601601601601588e-01 2.699713581413556884e+00
1.606606606606606480e-01 2.563055063196797434e+00
1.611611611611611650e-01 2.412727595119645407e+00
1.616616616616616542e-01 2.719378467845491087e+00
1.621621621621621712e-01 2.475400529511949443e+00
1.626626626626626604e-01 2.537591610644293283e+00
1.631631631631631496e-01 3.207573014281092760e+00
1.636636636636636666e-01 2.493932344237618448e+00
1.641641641641641558e-01 2.238621170656193815e+00
1.646646646646646728e-01 2.280960191137206383e+00
1.651651651651651620e-01 2.583180006265141326e+00
1.656656656656656512e-01 1.925230542974051051e+00
1.661661661661661682e-01 2.951624016542290896e+00
1.666666666666666574e-01 2.864980026469427621e+00
1.671671671671671744e-01 3.104018957208216634e+00
1.676676676676676636e-01 3.120622407200936532e+00
1.681681681681681528e-01 2.134756431217421202e+00
1.686686686686686698e-01 2.025067530504964797e+00
1.691691691691691590e-01 2.761607788294731414e+00
1.696696696696696760e-01 3.193828237462160047e+00
1.701701701701701652e-01 2.853455135859670477e+00
1.706706706706706822e-01 2.569767287226666586e+00
1.711711711711711714e-01 2.682697587413588547e+00
1.716716716716716606e-01 2.744989486265303480e+00
1.721721721721721776e-01 2.617210748694957623e+00
1.726726726726726668e-01 3.008035099343060015e+00
1.731731731731731838e-01 2.515437950558947477e+00
1.736736736736736730e-01 3.036386470604745202e+00
1.741741741741741623e-01 2.884623118627857696e+00
1.746746746746746792e-01 2.538277918292308755e+00
1.751751751751751685e-01 2.050945667867137168e+00
1.756756756756756854e-01 2.034289513429730967e+00
1.761761761761761746e-01 2.369252707654972312e+00
1.766766766766766639e-01 3.049846457680154277e+00
1.771771771771771808e-01 2.307833363879641109e+00
1.776776776776776701e-01 2.129907391933987704e+00
1.781781781781781870e-01 3.051596010217862531e+00
1.786786786786786763e-01 3.070185689941774321e+00
1.791791791791791655e-01 3.105110957513330217e+00
1.796796796796796825e-01 3.000941827583003541e+00
1.801801801801801717e-01 2.289239451441962725e+00
1.806806806806806887e-01 2.815561481069861038e+00
1.811811811811811779e-01 2.693773030681994474e+00
1.816816816816816671e-01 3.063801047668216704e+00
1.821821821821821841e-01 2.717051253750439876e+00
1.826826826826826733e-01 2.657779605911780862e+00
1.831831831831831903e-01 2.863080170018439397e+00
1.836836836836836795e-01 2.576488976041890755e+00
1.841841841841841965e-01 1.982235385862982202e+00
1.846846846846846857e-01 3.357347222057391001e+00
1.851851851851851749e-01 2.759404156376757733e+00
1.856856856856856919e-01 2.680994670781294165e+00
1.861861861861861811e-01 2.805764764590259919e+00
1.866866866866866981e-01 3.418718427609619415e+00
1.871871871871871873e-01 2.828051552543052960e+00
1.876876876876876765e-01 2.670795964497314490e+00
1.881881881881881935e-01 3.231522853769111858e+00
1.886886886886886827e-01 2.724191796433582002e+00
1.891891891891891997e-01 2.907467877620868446e+00
1.896896896896896889e-01 3.101282673425116432e+00
1.901901901901901781e-01 3.177164844732020654e+00
1.906906906906906951e-01 2.631529124808105635e+00
1.911911911911911843e-01 3.127381531954966043e+00
1.916916916916917013e-01 2.709089835331079055e+00
1.921921921921921905e-01 2.714541462379721271e+00
1.926926926926926797e-01 2.738069431393236552e+00
1.931931931931931967e-01 2.538288263812685575e+00
1.936936936936936859e-01 3.303647838518279478e+00
1.941941941941942029e-01 3.263921590794661487e+00
1.946946946946946921e-01 2.882916198150359932e+00
1.951951951951951814e-01 2.942290471197612778e+00
1.956956956956956983e-01 2.862318878235142972e+00
1.961961961961961876e-01 2.699005493523664700e+00
1.966966966966967045e-01 2.162073666249107351e+00
1.971971971971971938e-01 3.145778445003377666e+00
1.976976976976976830e-01 3.112480705996226060e+00
1.981981981981981999e-01 2.915199804333539646e+00
1.986986986986986892e-01 2.743633023349639100e+00
1.991991991991992061e-01 2.235866040957741330e+00
1.996996996996996954e-01 2.449818086163146003e+00
2.002002002002001846e-01 2.983626804868192650e+00
2.007007007007007016e-01 2.740600210004497050e+00
2.012012012012011908e-01 3.120630521959352865e+00
2.017017017017017078e-01 3.075316226872322645e+00
2.022022022022021970e-01 2.949643452183118963e+00
2.027027027027027140e-01 3.208703483968510017e+00
2.032032032032032032e-01 2.922375865992211441e+00
2.037037037037036924e-01 2.853022793867480811e+00
2.042042042042042094e-01 3.162643057698544258e+00
2.047047047047046986e-01 3.012820721335110363e+00
2.052052052052052156e-01 3.057240098123618299e+00
2.057057057057057048e-01 3.907741273199629717e+00
2.062062062062061940e-01 3.284082804517562071e+00
2.067067067067067110e-01 2.420530356899601276e+00
2.072072072072072002e-01 2.933635458806933105e+00
2.077077077077077172e-01 3.228187736099195071e+00
2.082082082082082064e-01 2.940094823306791394e+00
2.087087087087086956e-01 1.757039745710589518e+00
2.092092092092092126e-01 2.273774926387931217e+00
2.097097097097097018e-01 3.017201037265349051e+00
2.102102102102102188e-01 3.247548585739271410e+00
2.107107107107107080e-01 3.205525988216083810e+00
2.112112112112111972e-01 2.800644588998360440e+00
2.117117117117117142e-01 2.356776955748935976e+00
2.122122122122122034e-01 2.718908296359625165e+00
2.127127127127127204e-01 2.786636659912609559e+00
2.132132132132132096e-01 3.009727237327837646e+00
2.137137137137136988e-01 3.075230304543141724e+00
2.142142142142142158e-01 2.767104861140452066e+00
2.147147147147147050e-01 3.119605792825710822e+00
2.152152152152152220e-01 3.031157030731937763e+00
2.157157157157157112e-01 3.406797117668326269e+00
2.162162162162162282e-01 2.310963151200177368e+00
2.167167167167167174e-01 3.012906453072157209e+00
2.172172172172172067e-01 3.408726907716141064e+00
2.177177177177177236e-01 2.614122749315074046e+00
2.182182182182182129e-01 3.053580407922543483e+00
2.187187187187187298e-01 2.824209433260053803e+00
2.192192192192192191e-01 3.261945700388979130e+00
2.197197197197197083e-01 3.190219291793467082e+00
2.202202202202202252e-01 3.122879631874034612e+00
2.207207207207207145e-01 2.776832895975740456e+00
2.212212212212212314e-01 3.073083831865399240e+00
2.217217217217217207e-01 3.544606947849940237e+00
2.222222222222222099e-01 3.188464575089061448e+00
2.227227227227227269e-01 2.988949724849877310e+00
2.232232232232232161e-01 3.052144590470192043e+00
2.237237237237237331e-01 2.372861705332766302e+00
2.242242242242242223e-01 2.969320520994366053e+00
2.247247247247247115e-01 2.796067886578194273e+00
2.252252252252252285e-01 2.549450280371512445e+00
2.257257257257257177e-01 2.892148715158747496e+00
2.262262262262262347e-01 3.123561755472969104e+00
2.267267267267267239e-01 2.817825531968103370e+00
2.272272272272272131e-01 2.769875787909367393e+00
2.277277277277277301e-01 3.162884631168463745e+00
2.282282282282282193e-01 2.716740927099049685e+00
2.287287287287287363e-01 2.876741242681248423e+00
2.292292292292292255e-01 2.882344496783661558e+00
2.297297297297297147e-01 2.850578304969628718e+00
2.302302302302302317e-01 3.174482349319574848e+00
2.307307307307307209e-01 3.195511657308275133e+00
2.312312312312312379e-01 2.943366147979376901e+00
2.317317317317317271e-01 2.616724462567896481e+00
2.322322322322322163e-01 3.304201858052928653e+00
2.327327327327327333e-01 2.837055737555325141e+00
2.332332332332332225e-01 2.932279302515475639e+00
2.337337337337337395e-01 3.433236131666266289e+00
2.342342342342342287e-01 2.025799363716935808e+00
2.347347347347347457e-01 2.776484106852715517e+00
2.352352352352352349e-01 3.172383169501850730e+00
2.357357357357357242e-01 2.757597384167964627e+00
2.362362362362362411e-01 2.192669115986051853e+00
2.367367367367367303e-01 2.870732280871914899e+00
2.372372372372372473e-01 2.695471879771185186e+00
2.377377377377377365e-01 3.074122899907426376e+00
2.382382382382382258e-01 2.783798884610333424e+00
2.387387387387387427e-01 3.174986987740294087e+00
2.392392392392392320e-01 3.089561205652886500e+00
2.397397397397397489e-01 3.298401033967161666e+00
2.402402402402402382e-01 2.746173221977101786e+00
2.407407407407407274e-01 2.939000849759482836e+00
2.412412412412412444e-01 2.988932651676144303e+00
2.417417417417417336e-01 2.947010821844445960e+00
2.422422422422422505e-01 2.908994411888404574e+00
2.427427427427427398e-01 3.314601087172916571e+00
2.432432432432432290e-01 3.111769519726643285e+00
2.437437437437437460e-01 2.913912411154408133e+00
2.442442442442442352e-01 3.691105575794294769e+00
2.447447447447447522e-01 3.457563890175231247e+00
2.452452452452452414e-01 2.515808517680534262e+00
2.457457457457457306e-01 3.299204875089946309e+00
2.462462462462462476e-01 2.750346027691356721e+00
2.467467467467467368e-01 2.417201323266203961e+00
2.472472472472472538e-01 2.919308840179311471e+00
2.477477477477477430e-01 2.526748159369570867e+00
2.482482482482482600e-01 2.986061336445969161e+00
2.487487487487487492e-01 2.530372240755827562e+00
2.492492492492492384e-01 3.297316456294600684e+00
2.497497497497497554e-01 2.887293301972130077e+00
2.502502502502502724e-01 2.798686825562666680e+00
2.507507507507507616e-01 2.842307369129323025e+00
2.512512512512512508e-01 3.053149987470737958e+00
2.517517517517517400e-01 2.724474528764227355e+00
2.522522522522522292e-01 2.871577468227162200e+00
2.527527527527527740e-01 3.034185389520182685e+00
2.532532532532532632e-01 3.608009008698865649e+00
2.537537537537537524e-01 3.023251778075591645e+00
2.542542542542542416e-01 2.738582694313667965e+00
2.547547547547547309e-01 3.260506126298135410e+00
2.552552552552552756e-01 2.874971117840666945e+00
2.557557557557557648e-01 2.972850655869948344e+00
2.562562562562562540e-01 2.764794726890580812e+00
2.567567567567567433e-01 2.566426520097336628e+00
2.572572572572572325e-01 3.057598853310443676e+00
2.577577577577577772e-01 2.970697175898247000e+00
2.582582582582582664e-01 3.235391996601577169e+00
2.587587587587587556e-01 3.076266752652814240e+00
2.592592592592592449e-01 2.639128908416473518e+00
2.597597597597597341e-01 2.823877255175693435e+00
2.602602602602602788e-01 2.684248815574308722e+00
2.607607607607607680e-01 2.702798983922198861e+00
2.612612612612612573e-01 2.431798351382577827e+00
2.617617617617617465e-01 3.450568308422473862e+00
2.622622622622622357e-01 3.472187146412396785e+00
2.627627627627627804e-01 3.142301786612580194e+00
2.632632632632632697e-01 3.304318247246657680e+00
2.637637637637637589e-01 2.949468721023619455e+00
2.642642642642642481e-01 2.953361208529923232e+00
2.647647647647647373e-01 2.925253970196609377e+00
2.652652652652652820e-01 3.247557452746135720e+00
2.657657657657657713e-01 2.439177836157028878e+00
2.662662662662662605e-01 2.591734928629864765e+00
2.667667667667667497e-01 3.221783648499789265e+00
2.672672672672672389e-01 3.274041644917978111e+00
2.677677677677677837e-01 2.415508477050681613e+00
2.682682682682682729e-01 2.584500072772829782e+00
2.687687687687687621e-01 2.621000226701309721e+00
2.692692692692692513e-01 3.006817305150894182e+00
2.697697697697697405e-01 2.988573955364269619e+00
2.702702702702702853e-01 2.862454396190711847e+00
2.707707707707707745e-01 3.231539711405527981e+00
2.712712712712712637e-01 3.301162573223691332e+00
2.717717717717717529e-01 2.879594945026789699e+00
2.722722722722722422e-01 2.877059080467229357e+00
2.727727727727727869e-01 3.248083479461497447e+00
2.732732732732732761e-01 2.663783367416948433e+00
2.737737737737737653e-01 2.402384301780510434e+00
2.742742742742742545e-01 2.921401158035231926e+00
2.747747747747747993e-01 2.825859526611727013e+00
2.752752752752752885e-01 2.994265134532802186e+00
2.757757757757757777e-01 2.765502873796986893e+00
2.762762762762762669e-01 3.159681117245908943e+00
2.767767767767767562e-01 2.759051473073376837e+00
2.772772772772773009e-01 2.368799161446004220e+00
2.777777777777777901e-01 2.867449579573574603e+00
2.782782782782782793e-01 2.422297215816194171e+00
2.787787787787787686e-01 3.497587379858640766e+00
2.792792792792792578e-01 2.857178666410156165e+00
2.797797797797798025e-01 2.640359007330166818e+00
2.802802802802802917e-01 2.719800101846378659e+00
2.807807807807807809e-01 3.627776064481498253e+00
2.812812812812812702e-01 2.517523442200185091e+00
2.817817817817817594e-01 2.736569242090267196e+00
2.822822822822823041e-01 2.796251274229707651e+00
2.827827827827827933e-01 2.936443578578805447e+00
2.832832832832832826e-01 2.726325553633478727e+00
2.837837837837837718e-01 2.945176108316132524e+00
2.842842842842842610e-01 2.959110362679422845e+00
2.847847847847848057e-01 2.565948170391627592e+00
2.852852852852852950e-01 2.758744425951857426e+00
2.857857857857857842e-01 2.900945863519188261e+00
2.862862862862862734e-01 2.670785430572488295e+00
2.867867867867867626e-01 3.283032317900784314e+00
2.872872872872873073e-01 3.412340531294438595e+00
2.877877877877877966e-01 3.478046661162071285e+00
2.882882882882882858e-01 3.094642741816201692e+00
2.887887887887887750e-01 2.742986851510323287e+00
2.892892892892892642e-01 2.715981030309223332e+00
2.897897897897898090e-01 3.014656801410538822e+00
2.902902902902902982e-01 2.704526715151240435e+00
2.907907907907907874e-01 2.798495136335670708e+00
2.912912912912912766e-01 2.400393889619790944e+00
2.917917917917917658e-01 1.941190633242320995e+00
2.922922922922923106e-01 3.334703125988687678e+00
2.927927927927927998e-01 2.751088248607942877e+00
2.932932932932932890e-01 1.907791216230777298e+00
2.937937937937937782e-01 3.654434362304321837e+00
2.942942942942942675e-01 2.856566435386803882e+00
2.947947947947948122e-01 2.850783821626367232e+00
2.952952952952953014e-01 3.433584467541736629e+00
2.957957957957957906e-01 2.681029772462293348e+00
2.962962962962962798e-01 3.758154723498057237e+00
2.967967967967967691e-01 3.025511866142867046e+00
2.972972972972973138e-01 3.109321746723825441e+00
2.977977977977978030e-01 2.578539643532151704e+00
2.982982982982982922e-01 3.120227791923467109e+00
2.987987987987987815e-01 3.227410640552876409e+00
2.992992992992992707e-01 2.615749670279990724e+00
2.997997997997998154e-01 2.830634343477219872e+00
3.003003003003003046e-01 2.833136819326057765e+00
3.008008008008007939e-01 3.023569862932614427e+00
3.013013013013012831e-01 2.810479863441534221e+00
3.018018018018017723e-01 3.151535276738676394e+00
3.023023023023023170e-01 2.158419587139355666e+00
3.028028028028028062e-01 3.197452126221895341e+00
3.033033033033032955e-01 3.404372835486192628e+00
3.038038038038037847e-01 2.850704177658295535e+00
3.043043043043043294e-01 3.170492413559566458e+00
3.048048048048048186e-01 2.884977513421015605e+00
3.053053053053053079e-01 2.722764364397246784e+00
3.058058058058057971e-01 2.582843277881502253e+00
3.063063063063062863e-01 2.763581782649721319e+00
3.068068068068068310e-01 2.990532199089410703e+00
3.073073073073073203e-01 3.390877217500398277e+00
3.078078078078078095e-01 3.223090150180790925e+00
3.083083083083082987e-01 2.957895146548473964e+00
3.088088088088087879e-01 2.474486944632801499e+00
3.093093093093093326e-01 2.576981387037393212e+00
3.098098098098098219e-01 2.544438726925211558e+00
3.103103103103103111e-01 2.138216137001097028e+00
3.108108108108108003e-01 3.392720909805803764e+00
3.113113113113112895e-01 3.176158329741388009e+00
3.118118118118118343e-01 3.016365347274338582e+00
3.123123123123123235e-01 2.471417541643349036e+00
3.128128128128128127e-01 2.316287704226387856e+00
3.133133133133133019e-01 2.422749510896994085e+00
3.138138138138137911e-01 2.385919449207355214e+00
3.143143143143143359e-01 2.890675152127839542e+00
3.148148148148148251e-01 3.146997049495432464e+00
3.153153153153153143e-01 2.851577235092117135e+00
3.158158158158158035e-01 3.083657646048269196e+00
3.163163163163162928e-01 2.237265371654328483e+00
3.168168168168168375e-01 2.738155412089841700e+00
3.173173173173173267e-01 2.850938130575547902e+00
3.178178178178178159e-01 2.884677664300844047e+00
3.183183183183183051e-01 3.288567229970308148e+00
3.188188188188187944e-01 2.326246074221470117e+00
3.193193193193193391e-01 2.898392573650089066e+00
3.198198198198198283e-01 2.683372864687460169e+00
3.203203203203203175e-01 3.052010126380743316e+00
3.208208208208208068e-01 2.706893551374406126e+00
3.213213213213212960e-01 2.041819331472058074e+00
3.218218218218218407e-01 3.515938096785761413e+00
3.223223223223223299e-01 2.654586651122129215e+00
3.228228228228228192e-01 2.522537185561571249e+00
3.233233233233233084e-01 3.015070523484563836e+00
3.238238238238237976e-01 2.321057594752280462e+00
3.243243243243243423e-01 1.997559892015042582e+00
3.248248248248248315e-01 2.549339313155090991e+00
3.253253253253253208e-01 2.783718123709900460e+00
3.258258258258258100e-01 2.550846938207329107e+00
3.263263263263262992e-01 2.629674154324415092e+00
3.268268268268268439e-01 3.163262900378899012e+00
3.273273273273273332e-01 2.584026847895391832e+00
3.278278278278278224e-01 2.786090008751886060e+00
3.283283283283283116e-01 2.964920124499008214e+00
3.288288288288288008e-01 2.078872656922991169e+00
3.293293293293293456e-01 2.574519127438353205e+00
3.298298298298298348e-01 2.572386940418435408e+00
3.303303303303303240e-01 2.549768057834536972e+00
3.308308308308308132e-01 2.171999956456703629e+00
3.313313313313313024e-01 2.486762295698529357e+00
3.318318318318318472e-01 2.510946207836505462e+00
3.323323323323323364e-01 2.649714035304543192e+00
3.328328328328328256e-01 2.726917466055493122e+00
3.333333333333333148e-01 2.187014567901079953e+00
3.338338338338338041e-01 2.012868929301636634e+00
3.343343343343343488e-01 2.004731894649732116e+00
3.348348348348348380e-01 2.980387822156655098e+00
3.353353353353353272e-01 2.314420748563347896e+00
3.358358358358358164e-01 2.103420312919955570e+00
3.363363363363363057e-01 2.403476642753921588e+00
3.368368368368368504e-01 2.430113128489327590e+00
3.373373373373373396e-01 2.523967792706682811e+00
3.378378378378378288e-01 2.625169058644256204e+00
3.383383383383383181e-01 2.939876998641346884e+00
3.388388388388388628e-01 2.592510340619038178e+00
3.393393393393393520e-01 2.522351397416313201e+00
3.398398398398398412e-01 2.397988869056731698e+00
3.403403403403403304e-01 2.212098163886782487e+00
3.408408408408408197e-01 2.833606363292298536e+00
3.413413413413413644e-01 2.402743812163509851e+00
3.418418418418418536e-01 3.141128881933955785e+00
3.423423423423423428e-01 2.707357943310559456e+00
3.428428428428428321e-01 2.430587500331379935e+00
3.433433433433433213e-01 2.325561380146118129e+00
3.438438438438438660e-01 2.441118145129624661e+00
3.443443443443443552e-01 2.228708946952859815e+00
3.448448448448448445e-01 2.493732633355855377e+00
3.453453453453453337e-01 2.629548647151464191e+00
3.458458458458458229e-01 2.572138380150498449e+00
3.463463463463463676e-01 2.365107790924276365e+00
3.468468468468468568e-01 2.441807274158005026e+00
3.473473473473473461e-01 2.578733098787860278e+00
3.478478478478478353e-01 2.491200844190130770e+00
3.483483483483483245e-01 2.495437625305844787e+00
3.488488488488488692e-01 2.571573084865879544e+00
3.493493493493493585e-01 2.496896277837963307e+00
3.498498498498498477e-01 2.197389613260332109e+00
3.503503503503503369e-01 2.939013616845785659e+00
3.508508508508508261e-01 2.050941087067693402e+00
3.513513513513513709e-01 2.670122041495520460e+00
3.518518518518518601e-01 2.135377644266420738e+00
3.523523523523523493e-01 2.352630359943737925e+00
3.528528528528528385e-01 2.308515628572678668e+00
3.533533533533533277e-01 2.383616358536630120e+00
3.538538538538538725e-01 2.668780279214381768e+00
3.543543543543543617e-01 2.524036507055423151e+00
3.548548548548548509e-01 1.968761624255288556e+00
3.553553553553553401e-01 2.208789465054113332e+00
3.558558558558558294e-01 2.524953294238356349e+00
3.563563563563563741e-01 2.345259841551527114e+00
3.568568568568568633e-01 2.292414826671765216e+00
3.573573573573573525e-01 1.907877186157777460e+00
3.578578578578578417e-01 2.156808452193105907e+00
3.583583583583583310e-01 1.752766391291285641e+00
3.588588588588588757e-01 2.498762032355750229e+00
3.593593593593593649e-01 2.287272354804883001e+00
3.598598598598598541e-01 2.067157255826784112e+00
3.603603603603603434e-01 2.467297363300571700e+00
3.608608608608608326e-01 2.134762863852221582e+00
3.613613613613613773e-01 2.667183954607312835e+00
3.618618618618618665e-01 2.453985524370421167e+00
3.623623623623623557e-01 2.069255846821098199e+00
3.628628628628628450e-01 2.279318800701482850e+00
3.633633633633633342e-01 2.072915450104446222e+00
3.638638638638638789e-01 2.061438618126196776e+00
3.643643643643643681e-01 2.637437751168234534e+00
3.648648648648648574e-01 2.443191856893477176e+00
3.653653653653653466e-01 2.164880760860422360e+00
3.658658658658658358e-01 2.129860110540625406e+00
3.663663663663663805e-01 3.094714728780080915e+00
3.668668668668668698e-01 2.426529509444018018e+00
3.673673673673673590e-01 2.643371264347102567e+00
3.678678678678678482e-01 2.197876599231737949e+00
3.683683683683683929e-01 2.211210838995203876e+00
3.688688688688688821e-01 1.743570255901183641e+00
3.693693693693693714e-01 1.593443001632550260e+00
3.698698698698698606e-01 2.191257879525975838e+00
3.703703703703703498e-01 2.547237263174810806e+00
3.708708708708708945e-01 2.430444610398425187e+00
3.713713713713713838e-01 2.380095522666504149e+00
3.718718718718718730e-01 1.753512369904252965e+00
3.723723723723723622e-01 1.988482127031869329e+00
3.728728728728728514e-01 1.816652161930415899e+00
3.733733733733733962e-01 1.986591876049959904e+00
3.738738738738738854e-01 2.471313804154075644e+00
3.743743743743743746e-01 1.946531049189049956e+00
3.748748748748748638e-01 1.540450685669302100e+00
3.753753753753753530e-01 2.108204512718785839e+00
3.758758758758758978e-01 1.928258271898505294e+00
3.763763763763763870e-01 2.028030354506919597e+00
3.768768768768768762e-01 2.136770870369046005e+00
3.773773773773773654e-01 2.429362220289365659e+00
3.778778778778778547e-01 2.037635267504816827e+00
3.783783783783783994e-01 2.022736571783838144e+00
3.788788788788788886e-01 2.134082812849668276e+00
3.793793793793793778e-01 1.416069510193477488e+00
3.798798798798798670e-01 1.946510808518903346e+00
3.803803803803803563e-01 2.280303489236477965e+00
3.808808808808809010e-01 2.075518069898437901e+00
3.813813813813813902e-01 1.754762512989424650e+00
3.818818818818818794e-01 1.841760944900528552e+00
3.823823823823823687e-01 2.183190314752378125e+00
3.828828828828828579e-01 2.166084116014738381e+00
3.833833833833834026e-01 1.787961434700288343e+00
3.838838838838838918e-01 2.144901161216718588e+00
3.843843843843843811e-01 1.608033031416266079e+00
3.848848848848848703e-01 1.723594462041661890e+00
3.853853853853853595e-01 2.183153858915643397e+00
3.858858858858859042e-01 1.456910088726351304e+00
3.863863863863863934e-01 1.425984721455634707e+00
3.868868868868868827e-01 1.712599455322604269e+00
3.873873873873873719e-01 1.952718859578772337e+00
3.878878878878878611e-01 2.062891138695618132e+00
3.883883883883884058e-01 2.333258103030522168e+00
3.888888888888888951e-01 1.801324707073442610e+00
3.893893893893893843e-01 1.932858887785405821e+00
3.898898898898898735e-01 1.926028813669643069e+00
3.903903903903903627e-01 1.892795442379070714e+00
3.908908908908909074e-01 1.517979811719347039e+00
3.913913913913913967e-01 1.757059312455494071e+00
3.918918918918918859e-01 2.213972718048847987e+00
3.923923923923923751e-01 1.750865536263511713e+00
3.928928928928928643e-01 1.414160481065022790e+00
3.933933933933934091e-01 2.104550159784791319e+00
3.938938938938938983e-01 1.965773435105586664e+00
3.943943943943943875e-01 2.140327958926988128e+00
3.948948948948948767e-01 1.881884034188418431e+00
3.953953953953953659e-01 1.456704912405246466e+00
3.958958958958959107e-01 1.883529242335223453e+00
3.963963963963963999e-01 1.634517957483363926e+00
3.968968968968968891e-01 1.252921640648040125e+00
3.973973973973973783e-01 1.973220678117934668e+00
3.978978978978978676e-01 1.358835226537971508e+00
3.983983983983984123e-01 1.211541453977015959e+00
3.988988988988989015e-01 1.786127501202408929e+00
3.993993993993993907e-01 2.246071027019710176e+00
3.998998998998998800e-01 2.073151783271028670e+00
4.004004004004003692e-01 1.782540832586009039e+00
4.009009009009009139e-01 1.678850036571788218e+00
4.014014014014014031e-01 1.606498354178924171e+00
4.019019019019018923e-01 1.158148038645995026e+00
4.024024024024023816e-01 1.573444576983965115e+00
4.029029029029029263e-01 1.606638870054660773e+00
4.034034034034034155e-01 1.167063483439522376e+00
4.039039039039039047e-01 1.645417422504186877e+00
4.044044044044043940e-01 1.969128484876569996e+00
4.049049049049048832e-01 1.870425388110822151e+00
4.054054054054054279e-01 1.660153229470823222e+00
4.059059059059059171e-01 1.814254386762639060e+00
4.064064064064064064e-01 1.796935571337193283e+00
4.069069069069068956e-01 1.843002376367365081e+00
4.074074074074073848e-01 1.689394509256702426e+00
4.079079079079079295e-01 1.672045975020902020e+00
4.084084084084084187e-01 1.679943134166153484e+00
4.089089089089089080e-01 1.208084667585461069e+00
4.094094094094093972e-01 1.460859676483101444e+00
4.099099099099098864e-01 1.121563725657975796e+00
4.104104104104104311e-01 1.791911210644379082e+00
4.109109109109109204e-01 1.608631540339257038e+00
4.114114114114114096e-01 1.143041372847712678e+00
4.119119119119118988e-01 1.828369398487627029e+00
4.124124124124123880e-01 1.498603977110257057e+00
4.129129129129129328e-01 1.512020679183152083e+00
4.134134134134134220e-01 1.697083839739159661e+00
4.139139139139139112e-01 1.263299988970207455e+00
4.144144144144144004e-01 1.549337713676260275e+00
4.149149149149148896e-01 1.201009391837006390e+00
4.154154154154154344e-01 1.513045072349251896e+00
4.159159159159159236e-01 1.720698996940452030e+00
4.164164164164164128e-01 8.893990164222578265e-01
4.169169169169169020e-01 1.820604045273628513e+00
4.174174174174173912e-01 1.059482123802010678e+00
4.179179179179179360e-01 1.352245408473454535e+00
4.184184184184184252e-01 1.296450649234063723e+00
4.189189189189189144e-01 1.517597166946754950e+00
4.194194194194194036e-01 1.563880708924471064e+00
4.199199199199198929e-01 1.205003279411474226e+00
4.204204204204204376e-01 1.471764238483420639e+00
4.209209209209209268e-01 1.312170280087675778e+00
4.214214214214214160e-01 1.293153206198407235e+00
4.219219219219219053e-01 1.324260587183836879e+00
4.224224224224223945e-01 1.800206520149723488e+00
4.229229229229229392e-01 1.284859427026425749e+00
4.234234234234234284e-01 1.743511214139337406e+00
4.239239239239239176e-01 1.109978588265347454e+00
4.244244244244244069e-01 1.263393427251360057e+00
4.249249249249248961e-01 1.847947171935154342e+00
4.254254254254254408e-01 1.226455927634405141e+00
4.259259259259259300e-01 1.156084438229813438e+00
4.264264264264264193e-01 1.115223338187355751e+00
4.269269269269269085e-01 6.763899975452928315e-01
4.274274274274273977e-01 1.501713972586854906e+00
4.279279279279279424e-01 1.390081172338891724e+00
4.284284284284284317e-01 1.791654585186376547e+00
4.289289289289289209e-01 8.721417458358704522e-01
4.294294294294294101e-01 1.427930164109107558e+00
4.299299299299298993e-01 1.633799104916983325e+00
4.304304304304304440e-01 9.108767928775891587e-01
4.309309309309309333e-01 1.380497690985507342e+00
4.314314314314314225e-01 1.100547236713231625e+00
4.319319319319319117e-01 1.547072995207507295e+00
4.324324324324324564e-01 1.825119615429488640e+00
4.329329329329329457e-01 1.256174185150592537e+00
4.334334334334334349e-01 1.506606447316601205e+00
4.339339339339339241e-01 2.120014967778602877e+00
4.344344344344344133e-01 1.282161507387895361e+00
4.349349349349349581e-01 9.599703001446756589e-01
4.354354354354354473e-01 1.476716185312645813e+00
4.359359359359359365e-01 1.001231768411332101e+00
4.364364364364364257e-01 1.117996453738651530e+00
4.369369369369369149e-01 1.382694649422203215e+00
4.374374374374374597e-01 9.816060526115385487e-01
4.379379379379379489e-01 9.327764432383520710e-01
4.384384384384384381e-01 1.466683568170654706e+00
4.389389389389389273e-01 1.158834587952091155e+00
4.394394394394394165e-01 6.857577337838891562e-01
4.399399399399399613e-01 1.270394841723158530e+00
4.404404404404404505e-01 1.539281827218132115e+00
4.409409409409409397e-01 7.789924785566513243e-01
4.414414414414414289e-01 1.377158486521588454e+00
4.419419419419419182e-01 8.819049527347512241e-01
4.424424424424424629e-01 1.266428070155061425e+00
4.429429429429429521e-01 8.458115912870101116e-01
4.434434434434434413e-01 8.992552897615543328e-01
4.439439439439439306e-01 1.495814066327367353e+00
4.444444444444444198e-01 1.162444631236117187e+00
4.449449449449449645e-01 1.338825916083220768e+00
4.454454454454454537e-01 1.625125833954305321e+00
4.459459459459459429e-01 1.288760333526399293e+00
4.464464464464464322e-01 1.152380976153087655e+00
4.469469469469469214e-01 1.026674963777715721e+00
4.474474474474474661e-01 6.486495858828602579e-01
4.479479479479479553e-01 8.505951558303067594e-01
4.484484484484484446e-01 1.000503001708924034e+00
4.489489489489489338e-01 9.752410915972610228e-01
4.494494494494494230e-01 8.139448509881168636e-01
4.499499499499499677e-01 1.600475313987248960e+00
4.504504504504504570e-01 5.281034661299541799e-01
4.509509509509509462e-01 7.954703094580480860e-01
4.514514514514514354e-01 3.911004188434245021e-01
4.519519519519519246e-01 6.748759297726382167e-01
4.524524524524524693e-01 7.477084461762374401e-01
4.529529529529529586e-01 1.229911057257529583e+00
4.534534534534534478e-01 6.175884007541384557e-01
4.539539539539539370e-01 4.024407186876648446e-01
4.544544544544544262e-01 7.735683743526095002e-01
4.549549549549549710e-01 7.782981537957687213e-01
4.554554554554554602e-01 6.838079520523773214e-01
4.559559559559559494e-01 5.143204785601640516e-01
4.564564564564564386e-01 9.240247249452210321e-01
4.569569569569569278e-01 5.570016628659058000e-01
4.574574574574574726e-01 9.347604427918569936e-01
4.579579579579579618e-01 6.641807883035734106e-01
4.584584584584584510e-01 4.206777955479165665e-01
4.589589589589589402e-01 1.448659266009295177e+00
4.594594594594594295e-01 1.047244567153596373e+00
4.599599599599599742e-01 3.151552775783985072e-01
4.604604604604604634e-01 1.207244654740897927e+00
4.609609609609609526e-01 1.223564813478874580e+00
4.614614614614614418e-01 3.813094392581630743e-01
4.619619619619619311e-01 4.232168936844277751e-01
4.624624624624624758e-01 9.746692514031991550e-01
4.629629629629629650e-01 4.688906471155249722e-01
4.634634634634634542e-01 3.653467749479225035e-01
4.639639639639639435e-01 8.052898328638460335e-01
4.644644644644644327e-01 6.933964176503273347e-01
4.649649649649649774e-01 3.973684731714207108e-01
4.654654654654654666e-01 1.027797742463666619e+00
4.659659659659659559e-01 3.550947672839764313e-01
4.664664664664664451e-01 5.620265426803434661e-01
4.669669669669669898e-01 8.412538210941812311e-01
4.674674674674674790e-01 3.188885577819563499e-01
4.679679679679679682e-01 -9.652345889703095594e-02
4.684684684684684575e-01 6.308374543390795619e-01
4.689689689689689467e-01 4.328313634042597613e-01
4.694694694694694914e-01 1.086219571120428995e+00
4.699699699699699806e-01 8.448467065597449199e-01
4.704704704704704699e-01 1.057271230816752006e+00
4.709709709709709591e-01 6.508069265008485926e-01
4.714714714714714483e-01 5.674148798603574351e-01
4.719719719719719930e-01 5.024817067266155179e-01
4.724724724724724823e-01 6.618547262477467719e-01
4.729729729729729715e-01 3.124643355119006705e-01
4.734734734734734607e-01 -2.489087041446241821e-02
4.739739739739739499e-01 2.667437052971346478e-01
4.744744744744744946e-01 4.412842514896371804e-01
4.749749749749749839e-01 1.106931939550249488e+00
4.754754754754754731e-01 5.493677171926013569e-01
4.759759759759759623e-01 7.742850550859793346e-01
4.764764764764764515e-01 4.915743073439525213e-01
4.769769769769769963e-01 7.768181252792645264e-01
4.774774774774774855e-01 -9.249118375236653478e-02
4.779779779779779747e-01 1.661855258646414146e-01
4.784784784784784639e-01 2.388078682646207762e-01
4.789789789789789531e-01 1.194044989476811258e-01
4.794794794794794979e-01 5.900444689143200527e-01
4.799799799799799871e-01 3.784802348836164843e-01
4.804804804804804763e-01 7.511721975542073881e-02
4.809809809809809655e-01 5.744989511246162417e-01
4.814814814814814548e-01 -5.707893366277561054e-02
4.819819819819819995e-01 4.348971763285119918e-02
4.824824824824824887e-01 6.438721786692724880e-02
4.829829829829829779e-01 3.057695225844001552e-01
4.834834834834834671e-01 -2.116925573083638934e-01
4.839839839839839564e-01 7.629792477004699869e-01
4.844844844844845011e-01 1.446700242571038186e-01
4.849849849849849903e-01 4.786368482987830575e-01
4.854854854854854795e-01 3.982895060470926230e-01
4.859859859859859688e-01 -9.977406963306068022e-03
4.864864864864864580e-01 1.590876958409616071e-01
4.869869869869870027e-01 9.491554750468567114e-02
4.874874874874874919e-01 3.479979368458502864e-01
4.879879879879879812e-01 2.913398711841314048e-01
4.884884884884884704e-01 -7.989056365157243267e-02
4.889889889889889596e-01 4.541447993158848062e-02
4.894894894894895043e-01 1.911291331955836115e-02
4.899899899899899935e-01 4.567469963677170397e-02
4.904904904904904828e-01 1.792867789552102520e-01
4.909909909909909720e-01 2.997094715724802905e-01
4.914914914914914612e-01 2.583545165817783817e-01
4.919919919919920059e-01 -3.241509583951512896e-02
4.924924924924924952e-01 -2.967488799597306492e-02
4.929929929929929844e-01 -1.098325564713379110e-01
4.934934934934934736e-01 -1.206939028162262173e-01
4.939939939939939628e-01 -2.594825734118403893e-01
4.944944944944945076e-01 2.914842913915082212e-01
4.949949949949949968e-01 -6.159635548958701523e-02
4.954954954954954860e-01 -5.031713938414573706e-01
4.959959959959959752e-01 3.307417485311806571e-01
4.964964964964965199e-01 4.534946591083959255e-01
4.969969969969970092e-01 -2.971543535315337992e-01
4.974974974974974984e-01 2.969908351241106192e-01
4.979979979979979876e-01 -4.674657562600102040e-02
4.984984984984984768e-01 -1.806001578326393853e-01
4.989989989989990216e-01 3.311282712533957229e-01
4.994994994994995108e-01 2.460080970445115978e-01
5.000000000000000000e-01 -3.667883782612980093e-01
