2.000000000000000111e-01 2.363437391815037536e+00
2.005005005005005003e-01 1.911139331989278656e+00
2.010010010010010173e-01 2.040345928191246827e+00
2.015015015015015065e-01 1.478787961110844318e+00
2.020020020020020235e-01 2.143577587484872815e+00
2.025025025025025127e-01 1.765623543900238124e+00
2.030030030030030019e-01 2.138691093301191781e+00
2.035035035035035189e-01 1.722883986214281737e+00
2.040040040040040081e-01 1.903129570252188874e+00
2.045045045045045251e-01 1.069444861506620104e+00
2.050050050050050143e-01 2.080461003083910132e+00
2.055055055055055035e-01 1.682488459923486390e+00
2.060060060060060205e-01 1.991796344519303874e+00
2.065065065065065097e-01 1.879764616693129220e+00
2.070070070070070267e-01 1.844170003877656061e+00
2.075075075075075159e-01 2.427371979170737326e+00
2.080080080080080052e-01 1.950820649326500789e+00
2.085085085085085221e-01 1.747911391495092781e+00
2.090090090090090114e-01 1.824703909167407323e+00
2.095095095095095283e-01 1.875651383151228480e+00
2.100100100100100176e-01 1.729003702611704218e+00
2.105105105105105068e-01 1.741805577607594691e+00
2.110110110110110238e-01 2.353699302561400586e+00
2.115115115115115130e-01 2.189262141698548270e+00
2.120120120120120299e-01 1.906063792114425448e+00
2.125125125125125192e-01 1.163204309456983498e+00
2.130130130130130361e-01 1.308822408125784875e+00
2.135135135135135254e-01 1.849483465061626530e+00
2.140140140140140146e-01 1.833769455905441159e+00
2.145145145145145316e-01 1.957363989738449606e+00
2.150150150150150208e-01 1.672697227293038047e+00
2.155155155155155378e-01 1.085533118398215091e+00
2.160160160160160270e-01 1.459093768652156342e+00
2.165165165165165162e-01 1.458652527247168873e+00
2.170170170170170332e-01 1.463293220333083955e+00
2.175175175175175224e-01 2.352564735961032660e+00
2.180180180180180394e-01 2.018781987947222412e+00
2.185185185185185286e-01 2.208388637360431339e+00
2.190190190190190456e-01 2.067772598066400569e+00
2.195195195195195348e-01 1.435083898096013888e+00
2.200200200200200240e-01 1.099377016970180865e+00
2.205205205205205410e-01 9.753199919265737039e-01
2.210210210210210302e-01 9.442882064705738765e-01
2.215215215215215472e-01 2.027780122170040666e+00
2.220220220220220364e-01 2.253592466985864462e+00
2.225225225225225256e-01 1.482138104916072674e+00
2.230230230230230426e-01 1.145830399368914954e+00
2.235235235235235318e-01 9.679813506430099412e-01
2.240240240240240488e-01 1.633405766200072273e+00
2.245245245245245380e-01 1.422032379248949097e+00
2.250250250250250272e-01 1.467831804668654705e+00
2.255255255255255442e-01 1.352233554185345632e+00
2.260260260260260334e-01 1.380698441384827557e+00
2.265265265265265504e-01 1.221792395379016183e+00
2.270270270270270396e-01 1.330197227532863291e+00
2.275275275275275289e-01 2.545447410073221839e+00
2.280280280280280458e-01 1.344073933993553016e+00
2.285285285285285350e-01 1.505812281412174602e+00
2.290290290290290520e-01 1.100151153219453892e+00
2.295295295295295412e-01 1.857941276920137330e+00
2.300300300300300305e-01 1.373152294061513068e+00
2.305305305305305474e-01 1.443101663063596440e+00
2.310310310310310367e-01 1.675649401966440744e+00
2.315315315315315536e-01 1.250824363829512897e+00
2.320320320320320429e-01 2.305649170492917399e+00
2.325325325325325321e-01 1.096825841578464189e+00
2.330330330330330491e-01 1.335380148607860029e+00
2.335335335335335383e-01 6.587121596592508954e-01
2.340340340340340552e-01 1.253675959902200043e+00
2.345345345345345445e-01 1.289837614905074759e+00
2.350350350350350337e-01 1.583338306019392849e+00
2.355355355355355507e-01 1.634819831506635790e+00
2.360360360360360399e-01 1.282143126438582303e+00
2.365365365365365569e-01 7.017590840119619644e-01
2.370370370370370461e-01 1.605311802182769476e+00
2.375375375375375353e-01 1.266311420123097164e+00
2.380380380380380523e-01 1.628054973688585205e+00
2.385385385385385415e-01 1.806867614596882055e+00
2.390390390390390585e-01 1.336596533466665182e+00
2.395395395395395477e-01 1.342301225413041088e+00
2.400400400400400369e-01 1.676854677250692927e+00
2.405405405405405539e-01 1.006412920797884691e+00
2.410410410410410431e-01 9.804235915275228974e-01
2.415415415415415601e-01 7.140913187295172548e-01
2.420420420420420493e-01 1.491599448037643327e+00
2.425425425425425385e-01 1.616756926429335772e+00
2.430430430430430555e-01 7.385854915724490155e-01
2.435435435435435447e-01 8.634787443561646736e-01
2.440440440440440617e-01 1.868369555491053102e+00
2.445445445445445509e-01 1.039353735467426709e+00
2.450450450450450401e-01 7.546383641504856854e-01
2.455455455455455571e-01 8.677737814219421697e-01
2.460460460460460741e-01 1.167243153495001851e+00
2.465465465465465633e-01 1.156200246988649649e+00
2.470470470470470525e-01 1.000625481752933421e+00
2.475475475475475418e-01 9.556601214975204428e-01
2.480480480480480587e-01 1.388050966248648210e+00
2.485485485485485757e-01 1.377088612649985055e+00
2.490490490490490649e-01 1.269354847706847700e+00
2.495495495495495542e-01 1.228296636288572996e+00
2.500500500500500434e-01 9.895830260814721946e-01
2.505505505505505326e-01 8.749831587586561765e-01
2.510510510510510773e-01 4.923119837940025389e-01
2.515515515515515665e-01 9.997929794633503287e-01
2.520520520520520558e-01 1.578193882643446067e+00
2.525525525525525450e-01 1.010454648569231839e+00
2.530530530530530342e-01 1.027380338622470690e+00
2.535535535535535789e-01 1.477988655775193783e+00
2.540540540540540682e-01 1.178771577994309538e+00
2.545545545545545574e-01 6.990338352584664072e-01
2.550550550550550466e-01 1.057388618569118588e+00
2.555555555555555358e-01 1.627885488943882741e+00
2.560560560560560805e-01 8.978590626198936775e-01
2.565565565565565698e-01 1.092440312156060633e+00
2.570570570570570590e-01 1.202696441476348799e+00
2.575575575575575482e-01 9.336811136509343134e-01
2.580580580580580374e-01 1.259016345224983624e+00
2.585585585585585822e-01 1.007417158631978449e+00
2.590590590590590714e-01 1.008452519247236001e+00
2.595595595595595606e-01 3.583013493191519183e-01
2.600600600600600498e-01 4.205310311983005978e-01
2.605605605605605946e-01 2.854956788199212170e-01
2.610610610610610838e-01 5.602561721628018798e-01
2.615615615615615730e-01 1.044476073896325019e+00
2.620620620620620622e-01 6.712616064947665162e-01
2.625625625625626069e-01 8.459858469510542767e-01
2.630630630630630407e-01 6.883860734236114665e-01
2.635635635635635854e-01 9.961363576683979204e-01
2.640640640640640746e-01 8.453072633686291582e-01
2.645645645645645638e-01 8.452934002292561422e-01
2.650650650650651086e-01 8.590304703563224065e-01
2.655655655655655423e-01 4.266474055551072730e-01
2.660660660660660870e-01 1.057402259466115213e+00
2.665665665665665762e-01 1.253077693707080220e+00
2.670670670670670654e-01 8.475368321718189657e-01
2.675675675675676102e-01 7.282531855804418308e-01
2.680680680680680439e-01 3.408782491048799046e-01
2.685685685685685886e-01 4.662380280325669202e-01
2.690690690690690778e-01 8.474990934136451548e-01
2.695695695695695671e-01 8.374027743507265198e-01
2.700700700700701118e-01 6.203691117068339533e-01
2.705705705705706010e-01 6.984293408787441981e-01
2.710710710710710902e-01 7.672529833874266458e-01
2.715715715715715795e-01 5.148988209230588309e-01
2.720720720720720687e-01 5.856848965752123881e-01
2.725725725725726134e-01 9.399399609191640970e-01
2.730730730730731026e-01 6.590469164923473677e-01
2.735735735735735918e-01 5.366917985683918868e-01
2.740740740740740811e-01 8.308373632977668066e-01
2.745745745745745703e-01 8.156313375993022863e-01
2.750750750750751150e-01 2.822635108938277848e-01
2.755755755755756042e-01 2.632814266748988441e-01
2.760760760760760935e-01 3.665789414732965601e-01
2.765765765765765827e-01 5.782352052968533496e-01
2.770770770770770719e-01 7.276533679645478259e-01
2.775775775775776166e-01 5.774048816739444367e-01
2.780780780780781059e-01 1.372067613047970758e+00
2.785785785785785951e-01 5.883603983386703762e-01
2.790790790790790843e-01 6.583058561746126802e-01
2.795795795795795735e-01 8.496203554475647568e-01
2.800800800800801182e-01 8.402984580936501136e-01
2.805805805805806075e-01 9.467844886977363483e-01
2.810810810810810967e-01 6.570216259276832060e-01
2.815815815815815859e-01 6.638002009077894616e-01
2.820820820820820751e-01 2.747262267250885071e-01
2.825825825825826199e-01 8.356299444569478263e-01
2.830830830830831091e-01 8.723769101923277702e-01
2.835835835835835983e-01 3.505957046024068546e-01
2.840840840840840875e-01 4.317791875292947834e-01
2.845845845845845767e-01 4.441207551037030798e-01
2.850850850850851215e-01 -4.208981650619703085e-02
2.855855855855856107e-01 3.932822235290601154e-01
2.860860860860860999e-01 5.157120561633166123e-01
2.865865865865865891e-01 6.494499491549946546e-01
2.870870870870870784e-01 5.886336112226535633e-01
2.875875875875876231e-01 5.932661262540978031e-01
2.880880880880881123e-01 4.354635815979353008e-01
2.885885885885886015e-01 6.940407982886556137e-01
2.890890890890890907e-01 9.554206099695189414e-01
2.895895895895895800e-01 7.917324066330583276e-02
2.900900900900901247e-01 7.077422461558241507e-02
2.905905905905906139e-01 7.867626202960102955e-01
2.910910910910911031e-01 1.239085492265825095e-01
2.915915915915915924e-01 5.805889480662630442e-01
2.920920920920920816e-01 9.437437308034667405e-01
2.925925925925926263e-01 1.390132803058813371e-02
2.930930930930931155e-01 -1.071481165353778131e-01
2.935935935935936048e-01 1.138707794937404705e-01
2.940940940940940940e-01 1.820503911916359907e-01
2.945945945945945832e-01 2.216237131347217337e-01
2.950950950950951279e-01 6.895884441152344557e-01
2.955955955955956171e-01 -2.447856585153934672e-01
2.960960960960961064e-01 1.492054706510548279e-01
2.965965965965965956e-01 7.676026153378947559e-01
2.970970970970970848e-01 1.252004986153736343e-01
2.975975975975976295e-01 4.103412063883292715e-01
2.980980980980981188e-01 3.555777630159936975e-01
2.985985985985986080e-01 1.824791318906869853e-01
2.990990990990990972e-01 6.510157945713228589e-01
2.995995995995995864e-01 -6.123915034059995710e-02
3.001001001001001312e-01 3.210054884161590572e-01
3.006006006006006204e-01 2.087350262233295950e-01
3.011011011011011096e-01 2.733594733818119904e-01
3.016016016016015988e-01 3.243446579472607505e-01
3.021021021021020880e-01 4.991159062590099782e-01
3.026026026026026328e-01 1.388403685437360202e-01
3.031031031031031220e-01 -1.192211411222030004e-02
3.036036036036036112e-01 -2.418126392194504537e-01
3.041041041041041004e-01 3.778841010723625882e-01
3.046046046046045896e-01 -2.112080943802033262e-02
3.051051051051051344e-01 -2.971651941028946031e-01
3.056056056056056236e-01 4.338158917581012020e-01
3.061061061061061128e-01 -1.517320706950170406e-01
3.066066066066066020e-01 -4.784409064628980524e-02
3.071071071071070913e-01 2.479771765748578494e-01
3.076076076076076360e-01 6.687016181099958434e-02
3.081081081081081252e-01 -1.434251251636083913e-01
3.086086086086086144e-01 -2.526072648926169228e-01
3.091091091091091037e-01 6.514373538813430509e-01
3.096096096096095929e-01 -3.900595297541532003e-01
3.101101101101101376e-01 6.799747839075859224e-02
3.106106106106106268e-01 -1.730433556409964324e-01
3.111111111111111160e-01 -4.007368575339559369e-02
3.116116116116116053e-01 -1.512523206131293207e-01
3.121121121121120945e-01 2.837359711513237626e-01
3.126126126126126392e-01 2.464118158876578424e-01
3.131131131131131284e-01 1.505894988886305463e-01
3.136136136136136177e-01 8.513460730009975164e-02
3.141141141141141069e-01 -4.261113821560978399e-01
3.146146146146145961e-01 -1.363422360087498120e-01
3.151151151151151408e-01 5.557517852338338393e-01
3.156156156156156301e-01 -1.822136260296695343e-01
3.161161161161161193e-01 -1.918691850456522366e-02
3.166166166166166085e-01 -4.956249255901152839e-01
3.171171171171170977e-01 5.297407099952892162e-01
3.176176176176176424e-01 -3.134919453499673270e-01
3.181181181181181317e-01 6.929588822678396653e-02
3.186186186186186209e-01 1.479860061329927451e-02
3.191191191191191101e-01 -7.647014050371137017e-01
3.196196196196195993e-01 9.925826098117283836e-03
3.201201201201201441e-01 2.739084842076058846e-01
3.206206206206206333e-01 -3.207606741028195541e-01
3.211211211211211225e-01 -3.752576966679369713e-02
3.216216216216216117e-01 -6.980965262253437109e-02
3.221221221221221009e-01 -2.358400291106106383e-01
3.226226226226226457e-01 3.360787833503370847e-01
3.231231231231231349e-01 -6.396350242308634915e-01
3.236236236236236241e-01 -5.389021784772227708e-01
3.241241241241241688e-01 -5.956305151653668029e-02
3.246246246246246026e-01 -1.553528638411528218e-01
3.251251251251251473e-01 -1.150879046362893177e-01
3.256256256256256365e-01 -3.271989302982521997e-01
3.261261261261261257e-01 -8.645362914191678794e-02
3.266266266266266705e-01 -1.816350749071045656e-01
3.271271271271271042e-01 2.298435150304188324e-01
3.276276276276276489e-01 -4.537356944143296211e-02
3.281281281281281381e-01 -5.058648923611404058e-01
3.286286286286286273e-01 1.245717154457867126e-01
3.291291291291291721e-01 -2.942826463203211951e-01
3.296296296296296058e-01 -5.076696572482646275e-01
3.301301301301301505e-01 -5.840726305337580193e-01
3.306306306306306397e-01 -6.905144887050573832e-01
3.311311311311311290e-01 -2.466314591820938928e-01
3.316316316316316737e-01 -3.168813512805992993e-02
3.321321321321321074e-01 -4.621184662580621327e-02
3.326326326326326521e-01 -3.614038595561682721e-01
3.331331331331331413e-01 7.927191971942633142e-01
3.336336336336336306e-01 -2.400184945134734571e-01
3.341341341341341753e-01 -1.579923540942553828e-01
3.346346346346346090e-01 -9.654425933085758471e-01
3.351351351351351537e-01 -2.476277550613356915e-01
3.356356356356356430e-01 -2.232783459540428617e-01
3.361361361361361322e-01 -2.886243497954230630e-01
3.366366366366366769e-01 1.078232249213609273e-01
3.371371371371371106e-01 -2.048440241281283547e-01
3.376376376376376554e-01 -4.604990353205884457e-03
3.381381381381381446e-01 -7.101675647818306292e-02
3.386386386386386338e-01 -4.152949947485420901e-01
3.391391391391391785e-01 5.587711993801088850e-01
3.396396396396396122e-01 1.741338635760682485e-01
3.401401401401401570e-01 -6.105506352599722186e-01
3.406406406406406462e-01 -9.674769327746877146e-01
3.411411411411411354e-01 -3.431102850764802814e-01
3.416416416416416801e-01 9.050501116621534337e-03
3.421421421421421138e-01 -6.849043402375987188e-01
3.426426426426426586e-01 -4.539323904317349445e-01
3.431431431431431478e-01 -5.354110255449282540e-01
3.436436436436436370e-01 -1.142246521052106445e+00
3.441441441441441818e-01 2.725569811062298342e-01
3.446446446446446155e-01 -6.776253711822080028e-01
3.451451451451451602e-01 -8.775748849200194490e-01
3.456456456456456494e-01 2.078430228151174619e-01
3.461461461461461386e-01 -3.559940917867113752e-01
3.466466466466466834e-01 -5.327730111168272886e-01
3.471471471471471171e-01 1.460694659769778969e-01
3.476476476476476618e-01 -6.067658265823139274e-01
3.481481481481481510e-01 -9.540880159469126154e-01
3.486486486486486402e-01 -1.325812912289338619e-01
3.491491491491491850e-01 -5.846827992129517426e-01
3.496496496496496187e-01 -6.696598760750638313e-01
3.501501501501501634e-01 -5.656668959518579287e-01
3.506506506506506526e-01 -1.272408072086805286e-01
3.511511511511511419e-01 -8.934832352356409935e-01
3.516516516516516866e-01 -2.589321153734007730e-01
3.521521521521521758e-01 -8.083144858794055754e-01
3.526526526526526650e-01 -9.603876517824069259e-01
3.531531531531531543e-01 -3.359054976914167545e-01
3.536536536536536435e-01 -5.983096511154623043e-01
3.541541541541541882e-01 -7.512190092440638178e-01
3.546546546546546774e-01 -3.193352193101628433e-03
3.551551551551551666e-01 -4.404890677816814537e-01
3.556556556556556559e-01 -5.648560076879629577e-01
3.561561561561561451e-01 -4.619693957004288309e-01
3.566566566566566898e-01 -3.017973854208537698e-01
3.571571571571571790e-01 -6.411207817711379597e-01
3.576576576576576683e-01 -2.886685343071473397e-01
3.581581581581581575e-01 -9.281754059654672151e-01
3.586586586586586467e-01 -2.218663869029227631e-01
3.591591591591591914e-01 -3.395543499765470985e-01
3.596596596596596807e-01 -4.523358200077169378e-01
3.601601601601601699e-01 -6.585552268579584201e-01
3.606606606606606591e-01 -4.975686807285188973e-01
3.611611611611611483e-01 -6.912185008921574170e-01
3.616616616616616930e-01 5.884850014908915572e-01
3.621621621621621823e-01 -7.896848350623411061e-01
3.626626626626626715e-01 -1.858317252527584285e-01
3.631631631631631607e-01 -8.247279051617253387e-01
3.636636636636636499e-01 -1.205614777313998687e+00
3.641641641641641947e-01 -9.930717650015523645e-01
3.646646646646646839e-01 -9.895430495890464861e-01
3.651651651651651731e-01 -4.400254947059212274e-01
3.656656656656656623e-01 -6.925089305134884965e-01
3.661661661661661515e-01 -7.909156953247995503e-01
3.666666666666666963e-01 -2.458593010422113756e-01
3.671671671671671855e-01 -4.891273286597607739e-01
3.676676676676676747e-01 -7.449646942467974542e-01
3.681681681681681639e-01 -7.608190218409544014e-01
3.686686686686686532e-01 -1.231311356228306675e+00
3.691691691691691979e-01 -1.731112035727687126e-01
3.696696696696696871e-01 -1.074556067009186933e+00
3.701701701701701763e-01 -5.357075714169620140e-01
3.706706706706707211e-01 -5.464670385321661605e-01
3.711711711711711548e-01 -4.465468133798619066e-01
3.716716716716716995e-01 -1.026733347720505618e+00
3.721721721721721887e-01 -7.514733520866955230e-01
3.726726726726726779e-01 -2.368402873013428778e-01
3.731731731731732227e-01 -5.209796805643518436e-01
3.736736736736736564e-01 -5.890551750895780536e-01
3.741741741741742011e-01 -3.291965454417898340e-01
3.746746746746746903e-01 -6.768095447166905254e-01
3.751751751751751796e-01 -1.234470705702759963e+00
3.756756756756757243e-01 -3.040271429185021912e-01
3.761761761761761580e-01 -8.298438113258149729e-01
3.766766766766767027e-01 -7.432525243242252833e-01
3.771771771771771919e-01 -3.753069004585599111e-01
3.776776776776776812e-01 -1.314086243057110970e+00
3.781781781781782259e-01 -1.015329562476970482e+00
3.786786786786786596e-01 -1.241797371223125834e+00
3.791791791791792043e-01 -8.915198461901191473e-01
3.796796796796796936e-01 -1.043470268424905756e+00
3.801801801801801828e-01 -1.063538780659986749e+00
3.806806806806807275e-01 -6.749820266064096019e-01
3.811811811811811612e-01 -2.136491635287091073e-01
3.816816816816817060e-01 -1.805369385828733408e-01
3.821821821821821952e-01 -8.084685585758006887e-01
3.826826826826826844e-01 6.376416207377388901e-02
3.831831831831832291e-01 -5.368580126248884143e-01
3.836836836836836628e-01 -7.425450390794995359e-01
3.841841841841842076e-01 -9.462757980718404793e-01
3.846846846846846968e-01 -6.744083795986237639e-01
3.851851851851851860e-01 -6.853312962019908472e-01
3.856856856856857307e-01 -4.947574586645548389e-01
3.861861861861861644e-01 -5.621715295746866348e-01
3.866866866866867092e-01 -2.826302493789527581e-01
3.871871871871871984e-01 -1.036755147170920432e+00
3.876876876876876876e-01 -6.833222120112873998e-01
3.881881881881882324e-01 -6.028789700674463958e-02
3.886886886886886661e-01 -6.346022586435817736e-01
3.891891891891892108e-01 -1.002119848246627809e+00
3.896896896896897000e-01 -9.305449562962770926e-01
3.901901901901901892e-01 -1.158337026579617568e+00
3.906906906906907340e-01 -7.078680685805452955e-01
3.911911911911911677e-01 -1.053219006872819774e+00
3.916916916916917124e-01 -1.479756076169975287e+00
3.921921921921922016e-01 -9.792810220573207047e-01
3.926926926926926908e-01 -5.738507009427334937e-01
3.931931931931932356e-01 7.027235992342895088e-04
3.936936936936936693e-01 -6.416323731717242795e-01
3.941941941941942140e-01 -4.482735050850516489e-01
3.946946946946947032e-01 -4.447626974308725445e-01
3.951951951951951925e-01 -1.256627346966526781e-01
3.956956956956957372e-01 -9.779173329278323390e-01
3.961961961961961709e-01 -1.019773530299275199e+00
3.966966966966967156e-01 -1.033936870451075407e+00
3.971971971971972049e-01 -9.178986838773379731e-01
3.976976976976976941e-01 -8.681841248464757799e-01
3.981981981981982388e-01 -1.118209298986424516e+00
3.986986986986986725e-01 -6.744703122545561147e-01
3.991991991991992172e-01 -1.345109492964338349e+00
3.996996996996997065e-01 -9.433887273458450018e-01
4.002002002002001957e-01 -8.201691528188727043e-01
4.007007007007007404e-01 -7.305821777354775115e-01
4.012012012012011741e-01 7.610016042175260509e-03
4.017017017017017189e-01 -5.171552599681081830e-01
4.022022022022022081e-01 -1.005968685646764449e+00
4.027027027027026973e-01 -7.995431055590345171e-01
4.032032032032032420e-01 -7.393951270551197830e-01
4.037037037037036757e-01 -9.996422907214033149e-01
4.042042042042042205e-01 -7.636250164736728685e-01
4.047047047047047097e-01 -9.961885890387472964e-01
4.052052052052051989e-01 -9.014759662805080787e-01
4.057057057057057436e-01 -3.197013208403315376e-01
4.062062062062061774e-01 -1.052450801355654386e+00
4.067067067067067221e-01 -7.013047982447270234e-01
4.072072072072072113e-01 -1.195127146956167286e+00
4.077077077077077005e-01 -1.232531387869329587e+00
4.082082082082082453e-01 -3.155527559892171707e-01
4.087087087087086790e-01 -1.458930984314974477e+00
4.092092092092092237e-01 -8.340598710097892887e-01
4.097097097097097129e-01 -6.930641420236760553e-01
4.102102102102102021e-01 -1.035292538881238400e+00
4.107107107107107469e-01 -1.344748241900401986e+00
4.112112112112111806e-01 -1.298386119309401066e+00
4.117117117117117253e-01 -1.011237132772143443e+00
4.122122122122122145e-01 -9.824945319451874326e-01
4.127127127127127038e-01 -1.306983591157165003e+00
4.132132132132132485e-01 -1.100269968807879639e+00
4.137137137137136822e-01 -6.811364685264743590e-01
4.142142142142142269e-01 -1.117898595402242901e+00
4.147147147147147161e-01 -9.272520308954633750e-01
4.152152152152152054e-01 1.204307787845366740e-01
4.157157157157157501e-01 -5.435223592860072284e-01
4.162162162162162393e-01 -9.923745083623080054e-01
4.167167167167167285e-01 -1.184471626488744933e+00
4.172172172172172178e-01 -9.858096620431860968e-01
4.177177177177177070e-01 -8.139906835644215022e-01
4.182182182182182517e-01 -9.962776737626971579e-01
4.187187187187187409e-01 -9.351975361197866210e-01
4.192192192192192302e-01 -8.087374023576664461e-01
4.197197197197197194e-01 -1.350141342105100062e+00
4.202202202202202086e-01 -1.205552143294186251e+00
4.207207207207207533e-01 -8.492816128972949796e-01
4.212212212212212425e-01 -9.892420796215249945e-01
4.217217217217217318e-01 -1.036539421243474424e+00
4.222222222222222210e-01 -4.308772366359896466e-01
4.227227227227227102e-01 -1.505862449079639731e+00
4.232232232232232549e-01 -1.204441005941106813e+00
4.237237237237237442e-01 -4.153181475889129448e-01
4.242242242242242334e-01 -1.288607150813360747e+00
4.247247247247247226e-01 -4.586647014186373550e-01
4.252252252252252118e-01 -7.114237107011212036e-02
4.257257257257257566e-01 -1.102119184353387071e+00
4.262262262262262458e-01 -6.382190328178021232e-01
4.267267267267267350e-01 -1.102921912683852312e+00
4.272272272272272242e-01 -1.269575359174907714e+00
4.277277277277277134e-01 -7.899284052880927165e-01
4.282282282282282582e-01 -1.012659476383166446e+00
4.287287287287287474e-01 -1.407126890359975846e+00
4.292292292292292366e-01 -9.382812845736786533e-01
4.297297297297297258e-01 -9.198695861517781625e-01
4.302302302302302150e-01 -9.772423624207398074e-01
4.307307307307307598e-01 -4.645679457303807380e-01
4.312312312312312490e-01 -5.557262956675876886e-01
4.317317317317317382e-01 -7.154108034015003170e-01
4.322322322322322274e-01 -1.178505914195773663e+00
4.327327327327327167e-01 -7.862809340461035523e-01
4.332332332332332614e-01 -5.228498493407363057e-01
4.337337337337337506e-01 -9.650696636165767561e-01
4.342342342342342398e-01 -3.440958390848838366e-01
4.347347347347347846e-01 -9.092476839285238421e-01
4.352352352352352183e-01 -9.717370239445399793e-01
4.357357357357357630e-01 -8.991643651100715839e-01
4.362362362362362522e-01 -7.585341521613412352e-01
4.367367367367367414e-01 -1.237743517859214215e+00
4.372372372372372862e-01 -1.134053912578995238e+00
4.377377377377377199e-01 -6.628877142646720788e-01
4.382382382382382646e-01 -1.382009659033739846e+00
4.387387387387387538e-01 -8.270627822424986286e-01
4.392392392392392431e-01 -3.797926122987398401e-01
4.397397397397397878e-01 -8.644516794514331970e-01
4.402402402402402215e-01 -8.698576846098878823e-01
4.407407407407407662e-01 -1.074683112111650241e+00
4.412412412412412555e-01 -1.152906355544089489e+00
4.417417417417417447e-01 -8.537961271414278297e-01
4.422422422422422894e-01 -1.598196562129956977e+00
4.427427427427427231e-01 -1.057155623259113053e+00
4.432432432432432678e-01 -1.227560682841487338e+00
4.437437437437437571e-01 -9.303131813841835074e-01
4.442442442442442463e-01 -1.274836459139057521e+00
4.447447447447447910e-01 -1.198189316636885771e+00
4.452452452452452247e-01 -1.426042368033969332e+00
4.457457457457457695e-01 -1.154562687538215782e+00
4.462462462462462587e-01 -9.679719405208144778e-01
4.467467467467467479e-01 -1.163965867399542553e+00
4.472472472472472926e-01 -1.050397489751246471e+00
4.477477477477477263e-01 -7.431511714985039596e-01
4.482482482482482711e-01 -1.100249548162966606e+00
4.487487487487487603e-01 -6.153326320986256537e-01
4.492492492492492495e-01 -1.531309130190055434e+00
4.497497497497497942e-01 -1.379657494803848694e+00
4.502502502502502835e-01 -7.804111609891111190e-01
4.507507507507507727e-01 -1.177750412956781734e+00
4.512512512512512619e-01 -1.000474782084893377e+00
4.517517517517517511e-01 -5.594776800734166944e-01
4.522522522522522403e-01 -8.024937594040987277e-01
4.527527527527527851e-01 -7.925504348297521817e-01
4.532532532532532743e-01 -1.054132040384059721e+00
4.537537537537537635e-01 -1.314668764928801359e+00
4.542542542542542527e-01 -8.844779372823550201e-01
4.547547547547547420e-01 -1.254389948316293690e+00
4.552552552552552867e-01 -1.119659030367231578e+00
4.557557557557557759e-01 -1.683744737189360130e+00
4.562562562562562651e-01 -1.381676098975783251e+00
4.567567567567567544e-01 -1.363518958901418054e+00
4.572572572572572436e-01 -5.602338788491700861e-01
4.577577577577577883e-01 -1.025436922956134200e+00
4.582582582582582775e-01 -7.911558933577244046e-01
4.587587587587587667e-01 -7.132514024613521020e-01
4.592592592592592560e-01 -1.539962509441178629e+00
4.597597597597597452e-01 -6.762364906631903594e-01
4.602602602602602899e-01 -1.123323376095215931e+00
4.607607607607607791e-01 -1.057284617517202152e+00
4.612612612612612684e-01 -1.151200045695614849e+00
4.617617617617617576e-01 -6.096696021147101074e-01
4.622622622622622468e-01 -4.427937211829767739e-01
4.627627627627627915e-01 -1.197534098093319344e+00
4.632632632632632808e-01 -1.086044405131289192e+00
4.637637637637637700e-01 -1.192976516263919207e+00
4.642642642642642592e-01 -9.684988748980242201e-01
4.647647647647647484e-01 -8.892927679794810913e-01
4.652652652652652931e-01 -1.219261887960740198e+00
4.657657657657657824e-01 -1.062560261063126399e+00
4.662662662662662716e-01 -1.343145470728119184e+00
4.667667667667667608e-01 -1.352994762062850853e+00
4.672672672672672500e-01 -1.770883701101109153e+00
4.677677677677677948e-01 -4.666077154121610615e-01
4.682682682682682840e-01 -7.338585268941978379e-01
4.687687687687687732e-01 -1.070008462389460568e+00
4.692692692692692624e-01 -1.233471740691721052e+00
4.697697697697697516e-01 -1.149214534587124081e+00
4.702702702702702964e-01 -6.385222396443575033e-01
4.707707707707707856e-01 -1.234850227866994610e+00
4.712712712712712748e-01 -4.375221457984915796e-01
4.717717717717717640e-01 -1.338505928435442804e+00
4.722722722722722533e-01 -4.635678990166468560e-01
4.727727727727727980e-01 -1.447972034077532610e+00
4.732732732732732872e-01 -1.062272837924337354e+00
4.737737737737737764e-01 -9.919157951685293462e-01
4.742742742742742657e-01 -1.107671132423720728e+00
4.747747747747748104e-01 -9.527143629282331938e-01
4.752752752752752996e-01 -9.820516221066617479e-01
4.757757757757757888e-01 -1.096967830262065791e+00
4.762762762762762780e-01 -8.011902615815718054e-01
4.767767767767767673e-01 -8.858023792351898962e-01
4.772772772772773120e-01 -1.331031675162752670e+00
4.777777777777778012e-01 -9.400814564042723198e-01
4.782782782782782904e-01 -3.818874668059000221e-01
4.787787787787787797e-01 -8.264143014273003240e-01
4.792792792792792689e-01 -1.004524217367726902e+00
4.797797797797798136e-01 -3.040110909569536668e-01
4.802802802802803028e-01 -1.052705289294631363e+00
4.807807807807807920e-01 -8.224184808260280866e-01
4.812812812812812813e-01 -8.385026802986373928e-01
4.817817817817817705e-01 -1.088519209080879069e+00
4.822822822822823152e-01 -7.076187253472455696e-01
4.827827827827828044e-01 -1.065262965456054589e+00
4.832832832832832937e-01 -2.025548924839714715e+00
4.837837837837837829e-01 -9.157583426639528401e-01
4.842842842842842721e-01 -1.603039450799802257e+00
4.847847847847848168e-01 -8.484187192640795239e-01
4.852852852852853061e-01 -1.524024049562787031e+00
4.857857857857857953e-01 -1.303066480351227074e+00
4.862862862862862845e-01 -1.305569705265583691e+00
4.867867867867867737e-01 -8.260296450253949985e-01
4.872872872872873184e-01 -8.434492733778945484e-01
4.877877877877878077e-01 -2.161972698802030912e+00
4.882882882882882969e-01 -9.943586833250598334e-01
4.887887887887887861e-01 -1.080839901283504823e+00
4.892892892892892753e-01 -5.632487603424469746e-01
4.897897897897898201e-01 -7.934936756854286122e-01
4.902902902902903093e-01 -8.762805724821036701e-01
4.907907907907907985e-01 -1.299333792330562787e+00
4.912912912912912877e-01 -7.782793874106274101e-01
4.917917917917917769e-01 -1.182040646054326460e+00
4.922922922922923217e-01 -1.580920792724528123e+00
4.927927927927928109e-01 -1.237699788951230229e+00
4.932932932932933001e-01 -8.030291967077429760e-01
4.937937937937937893e-01 -1.232290062912621442e+00
4.942942942942942786e-01 -9.479346094159117886e-01
4.947947947947948233e-01 -1.321378854061513897e+00
4.952952952952953125e-01 -1.355274256892629703e+00
4.957957957957958017e-01 -6.519011175630299304e-01
4.962962962962962910e-01 -1.474738953396223629e+00
4.967967967967967802e-01 -3.603447876375120984e-02
4.972972972972973249e-01 -1.101545160980106797e+00
4.977977977977978141e-01 -6.764472446265106242e-01
4.982982982982983033e-01 -6.620979849244609250e-01
4.987987987987987926e-01 -7.505541052918059952e-01
4.992992992992992818e-01 -6.611318106875603284e-01
4.997997997997998265e-01 -1.437349968622257501e+00
5.003003003003003712e-01 -7.165868739124668929e-01
5.008008008008008050e-01 -5.087567958401626456e-01
5.013013013013012387e-01 -6.281101971577499610e-01
5.018018018018017834e-01 -7.881632743812555519e-01
5.023023023023023281e-01 -1.959364932377580804e-01
5.028028028028028729e-01 -9.848514975656891268e-01
5.033033033033033066e-01 -4.584614940258620597e-01
5.038038038038037403e-01 -9.037339978752069181e-01
5.043043043043042850e-01 -5.235797670925720348e-01
5.048048048048048297e-01 -1.081084866231373676e+00
5.053053053053053745e-01 -6.681895182910364550e-01
5.058058058058058082e-01 -6.727325427209662756e-01
5.063063063063062419e-01 -3.547674588463624601e-01
5.068068068068067866e-01 -4.091156069099785575e-01
5.073073073073073314e-01 -7.396559754441967005e-01
5.078078078078078761e-01 -5.558331853956610669e-01
5.083083083083083098e-01 -5.390113656378086038e-01
5.088088088088087435e-01 -4.800244409099740373e-01
5.093093093093092882e-01 -8.835320570245207561e-01
5.098098098098098330e-01 -9.368146444325312627e-01
5.103103103103103777e-01 -6.380353500243036713e-01
5.108108108108108114e-01 -6.366285397014274094e-01
5.113113113113112451e-01 -5.112060254820813832e-01
5.118118118118117899e-01 -1.070188688148205225e+00
5.123123123123123346e-01 -7.902154343733638342e-01
5.128128128128128793e-01 -3.809396766531630285e-01
5.133133133133133130e-01 -1.202825653910454040e+00
5.138138138138137467e-01 -8.119764421648052455e-01
5.143143143143142915e-01 -9.157152966971318087e-01
5.148148148148148362e-01 -3.778437374919840774e-02
5.153153153153153809e-01 -6.426563712489472557e-01
5.158158158158158146e-01 -3.509525715559143610e-01
5.163163163163162483e-01 -9.024627750127675041e-01
5.168168168168167931e-01 -9.274034131127892877e-01
5.173173173173173378e-01 -7.160109283821119996e-01
5.178178178178178825e-01 -7.548600639952124380e-01
5.183183183183183163e-01 -1.220370891815867109e+00
5.188188188188187500e-01 -1.106941742412628660e+00
5.193193193193192947e-01 -1.095294187249584050e+00
5.198198198198198394e-01 -1.387142394178872529e+00
5.203203203203203842e-01 -3.730574057968741308e-01
5.208208208208208179e-01 -1.049127339915951529e+00
5.213213213213212516e-01 -6.513433287627053980e-01
5.218218218218217963e-01 -8.810225735501059363e-01
5.223223223223223410e-01 -8.342131453421646192e-01
5.228228228228228858e-01 -1.324991233557336834e+00
5.233233233233233195e-01 -8.161673873742364416e-01
5.238238238238237532e-01 -7.232720592946124682e-01
5.243243243243242979e-01 -4.691591079384050955e-01
5.248248248248248427e-01 -1.097848283115250290e+00
5.253253253253253874e-01 -1.004666791289315908e+00
5.258258258258258211e-01 -6.267628832145640816e-01
5.263263263263262548e-01 -5.890040121699690046e-01
5.268268268268267995e-01 -8.503065794633057894e-01
5.273273273273273443e-01 -5.042382035210735136e-01
5.278278278278278890e-01 -9.919439116653689936e-01
5.283283283283283227e-01 -8.982074581090377929e-01
5.288288288288287564e-01 -6.439745584310879734e-01
5.293293293293293011e-01 -5.685268871391748746e-01
5.298298298298298459e-01 -1.078662073365668217e+00
5.303303303303303906e-01 -6.596977884368568912e-01
5.308308308308308243e-01 -2.308155421613675706e-01
5.313313313313312580e-01 -1.733033757413657283e-01
5.318318318318318028e-01 -4.189476946732317852e-01
5.323323323323323475e-01 -6.650427717829796581e-01
5.328328328328328922e-01 -7.943193050342820527e-01
5.333333333333333259e-01 -2.857649013450299091e-01
5.338338338338337596e-01 -5.266093100095577961e-01
5.343343343343343044e-01 -3.663388017458985013e-01
5.348348348348348491e-01 -4.587473584574238150e-01
5.353353353353353938e-01 -5.096744450468563281e-01
5.358358358358358275e-01 -8.734502105054493537e-01
5.363363363363362613e-01 -2.368183212369448509e-01
5.368368368368368060e-01 -4.551039539834402792e-01
5.373373373373373507e-01 -6.807033105857253075e-01
5.378378378378378954e-01 -8.040117547518369490e-01
5.383383383383383292e-01 -3.495291335781546271e-01
5.388388388388388739e-01 -2.166011867436013483e-01
5.393393393393393076e-01 -8.949756727463087369e-01
5.398398398398398523e-01 -5.805931931028174287e-01
5.403403403403403971e-01 -5.918595688416620204e-01
5.408408408408408308e-01 -8.471057780589601460e-01
5.413413413413413755e-01 -3.808823032612370652e-01
5.418418418418418092e-01 -4.657541896417727312e-01
5.423423423423423539e-01 -5.709674553371943961e-01
5.428428428428428987e-01 -3.323335165935046298e-01
5.433433433433433324e-01 -1.267301002042661828e+00
5.438438438438438771e-01 -7.596559421678028556e-02
5.443443443443443108e-01 -2.841034071614687573e-01
5.448448448448448556e-01 -3.933244497093906222e-01
5.453453453453454003e-01 -4.975917394934614713e-01
5.458458458458458340e-01 -5.783937935004137554e-01
5.463463463463463787e-01 -3.223104516512703688e-01
5.468468468468468124e-01 -1.062074791640715832e-02
5.473473473473473572e-01 -5.835756426676098618e-01
5.478478478478479019e-01 -8.529970129913115873e-01
5.483483483483483356e-01 -3.147129838238073019e-01
5.488488488488488803e-01 -9.334640706020373990e-01
5.493493493493493141e-01 -4.981042078853362698e-01
5.498498498498498588e-01 -4.382152287422607095e-01
5.503503503503504035e-01 2.100420387971770886e-01
5.508508508508508372e-01 -6.596815377054349172e-01
5.513513513513513820e-01 -1.088133174380612189e-04
5.518518518518518157e-01 -6.565605618939773791e-01
5.523523523523523604e-01 2.256386709255370215e-02
5.528528528528529051e-01 -4.693048772492935394e-01
5.533533533533533388e-01 -4.511675361624339908e-01
5.538538538538538836e-01 -4.674332940084157673e-01
5.543543543543543173e-01 -2.900352789489114569e-01
5.548548548548548620e-01 -3.331427256880129528e-01
5.553553553553554067e-01 -2.675056257195265186e-01
5.558558558558558405e-01 -4.698562936777133103e-01
5.563563563563563852e-01 1.982856115041919942e-01
5.568568568568568189e-01 -2.455144539002883097e-01
5.573573573573573636e-01 -1.663742135966883307e-01
5.578578578578579084e-01 -2.286317696261123134e-01
5.583583583583583421e-01 -5.785335083043436910e-01
5.588588588588588868e-01 -3.471847647505376666e-01
5.593593593593593205e-01 -7.478252168517321441e-02
5.598598598598598652e-01 -5.991493723362590895e-01
5.603603603603604100e-01 -5.003378806131709711e-01
5.608608608608608437e-01 -7.441579345445819005e-01
5.613613613613613884e-01 -9.165610604635324177e-02
5.618618618618618221e-01 -2.669419923762174629e-01
5.623623623623623669e-01 -3.463607117974163430e-01
5.628628628628629116e-01 -4.573367333106188592e-01
5.633633633633633453e-01 -5.943628139837924262e-01
5.638638638638638900e-01 -2.512763160258247863e-01
5.643643643643643237e-01 1.473642142567591073e-01
5.648648648648648685e-01 -2.516914101504593160e-01
5.653653653653654132e-01 -4.119351758283180120e-01
5.658658658658658469e-01 2.770827093885877002e-01
5.663663663663663916e-01 -2.250723157920945516e-01
5.668668668668668253e-01 1.508346970727873493e-01
5.673673673673673701e-01 -2.575250241007826513e-01
5.678678678678679148e-01 4.278686599135661517e-02
5.683683683683684595e-01 -2.087383701840858086e-01
5.688688688688688933e-01 2.797729440227641473e-01
5.693693693693693270e-01 -6.489913208146960155e-01
5.698698698698698717e-01 -2.419243527778201230e-01
5.703703703703704164e-01 -2.648615181858461343e-01
5.708708708708709612e-01 4.847195382945013176e-02
5.713713713713713949e-01 -2.752377402178862176e-01
5.718718718718718286e-01 -6.873242213840095038e-01
5.723723723723723733e-01 6.613621912307357520e-02
5.728728728728729180e-01 7.609948712842540264e-02
5.733733733733734628e-01 1.244130368158388733e-01
5.738738738738738965e-01 4.302932891935670745e-02
5.743743743743743302e-01 1.084330940943342703e-02
5.748748748748748749e-01 1.066032949493307125e-01
5.753753753753754197e-01 -6.756464962081789594e-01
5.758758758758759644e-01 -1.751476750147816785e-01
5.763763763763763981e-01 -4.454170816323335669e-01
5.768768768768768318e-01 -1.357801600533851405e-01
5.773773773773773765e-01 5.802491662522504257e-01
5.778778778778779213e-01 -1.369771838500082883e-01
5.783783783783784660e-01 2.573251648140109649e-01
5.788788788788788997e-01 -3.061209668838079656e-01
5.793793793793793334e-01 -1.836549122319275362e-01
5.798798798798798781e-01 1.106359883809525380e-01
5.803803803803804229e-01 -2.998056633386408931e-01
5.808808808808809676e-01 -3.566393206673411087e-01
5.813813813813814013e-01 -1.499718369140586871e-01
5.818818818818818350e-01 -1.848172150888804377e-01
5.823823823823823798e-01 -5.754316258910505688e-01
5.828828828828829245e-01 2.494735091637296232e-01
5.833833833833834692e-01 -2.964816534031844975e-01
5.838838838838839029e-01 4.608225389798717431e-01
5.843843843843843366e-01 2.703526509420238755e-01
5.848848848848848814e-01 -2.922758582380275971e-01
5.853853853853854261e-01 7.475432598609575985e-01
5.858858858858859708e-01 -1.426160451850257138e-01
5.863863863863864045e-01 -3.322645405535882279e-01
5.868868868868868383e-01 3.948893795277284013e-01
5.873873873873873830e-01 -1.956230400938457625e-01
5.878878878878879277e-01 -1.279094870734094058e-01
5.883883883883884724e-01 1.770680193758900622e-01
5.888888888888889062e-01 3.140272959082652804e-01
5.893893893893893399e-01 -3.222443506470359931e-01
5.898898898898898846e-01 -2.115698871704977946e-01
5.903903903903904293e-01 1.590448538575134907e-01
5.908908908908909741e-01 -1.234191570978844521e-01
5.913913913913914078e-01 4.684763106698177082e-01
5.918918918918918415e-01 3.621496859662547418e-01
5.923923923923923862e-01 -8.301954336752090380e-02
5.928928928928929309e-01 -1.630592620976193952e-01
5.933933933933934757e-01 -5.039172455466756073e-02
5.938938938938939094e-01 -8.053240000333883319e-02
5.943943943943943431e-01 -6.655754123952375978e-02
5.948948948948948878e-01 1.133347114845111858e-01
5.953953953953954326e-01 6.973783145767063762e-02
5.958958958958959773e-01 3.584676674905465932e-01
5.963963963963964110e-01 -2.116197870556925653e-01
5.968968968968968447e-01 4.651236418690059549e-01
5.973973973973973894e-01 -2.712224147058250878e-01
5.978978978978979342e-01 2.775056314762204268e-01
5.983983983983984789e-01 -5.909280136407472073e-01
5.988988988988989126e-01 6.044184589093550830e-01
5.993993993993993463e-01 5.749650406171372130e-02
5.998998998998998911e-01 5.134184887431909594e-01
6.004004004004004358e-01 9.392861636032717731e-02
6.009009009009009805e-01 2.344703487251142693e-01
6.014014014014014142e-01 2.345953698298070267e-01
6.019019019019018479e-01 -8.811536537905301225e-02
6.024024024024023927e-01 6.682628650909610002e-01
6.029029029029029374e-01 2.473131572146944623e-01
6.034034034034034821e-01 -6.523235522800074904e-02
6.039039039039039158e-01 3.253237742287407031e-01
6.044044044044043495e-01 2.113893339605948940e-01
6.049049049049048943e-01 1.019339940891221818e+00
6.054054054054054390e-01 -1.172040340975918915e-01
6.059059059059059837e-01 2.163303977604033590e-01
6.064064064064064175e-01 -1.577422666869706114e-01
6.069069069069068512e-01 4.877459706298578057e-01
6.074074074074073959e-01 1.947553747307878558e-02
6.079079079079079406e-01 8.790673745972393816e-02
6.084084084084084854e-01 -1.177961961503526389e-02
6.089089089089089191e-01 4.136497509583327292e-01
6.094094094094093528e-01 9.045246072929257197e-01
6.099099099099098975e-01 4.033702664814613481e-01
6.104104104104104422e-01 4.037357943294674345e-01
6.109109109109109870e-01 -1.689206845467350337e-01
6.114114114114114207e-01 2.064788758949606950e-01
6.119119119119118544e-01 3.397422706566215478e-01
6.124124124124123991e-01 4.919540144140053806e-01
6.129129129129129439e-01 1.009169797893695542e+00
6.134134134134134886e-01 4.586183792324733943e-01
6.139139139139139223e-01 9.124440536997409090e-01
6.144144144144143560e-01 1.697252523117777079e+00
6.149149149149149007e-01 6.118134897056788368e-01
6.154154154154154455e-01 7.206441905209233223e-01
6.159159159159159902e-01 1.012191758808736797e+00
6.164164164164164239e-01 3.248519581764501840e-01
6.169169169169168576e-01 5.601256596600229232e-01
6.174174174174174023e-01 3.913881624352492650e-01
6.179179179179179471e-01 2.555592547545632032e-01
6.184184184184184918e-01 -8.527070940690273382e-03
6.189189189189189255e-01 4.317601174527883057e-01
6.194194194194193592e-01 1.292741094805439084e-01
6.199199199199199040e-01 8.940214767339431656e-01
6.204204204204204487e-01 8.708829746147981332e-01
6.209209209209209934e-01 6.645681776656452433e-01
6.214214214214214271e-01 5.162698304381014847e-01
6.219219219219218608e-01 9.147412640399381623e-01
6.224224224224224056e-01 7.407070045301901162e-01
6.229229229229229503e-01 4.689423238957864948e-01
6.234234234234234950e-01 9.792305545045310033e-01
6.239239239239239287e-01 7.046571348213803709e-01
6.244244244244243625e-01 7.997239810427451134e-01
6.249249249249249072e-01 9.913654435564733802e-01
6.254254254254254519e-01 8.565223445786326328e-01
6.259259259259259967e-01 7.957084164647597602e-01
6.264264264264264304e-01 1.159959703982163859e+00
6.269269269269268641e-01 8.137620732606019036e-01
6.274274274274274088e-01 7.680230869596935683e-01
6.279279279279279535e-01 5.339934231721736868e-01
6.284284284284284983e-01 1.037976513719342408e+00
6.289289289289289320e-01 1.888248043556240985e-01
6.294294294294293657e-01 1.162836673059246317e+00
6.299299299299299104e-01 1.474275474852099421e+00
6.304304304304304551e-01 3.824326119466330276e-01
6.309309309309309999e-01 6.593631814720466444e-01
6.314314314314314336e-01 6.493156429463451396e-01
6.319319319319318673e-01 6.570975725035309578e-01
6.324324324324324120e-01 1.123051074690522677e+00
6.329329329329329568e-01 1.382523046297057689e+00
6.334334334334335015e-01 4.458755844815148195e-01
6.339339339339339352e-01 5.056558852998223053e-01
6.344344344344343689e-01 1.336825325903760131e+00
6.349349349349349136e-01 7.868755538887608481e-01
6.354354354354354584e-01 9.070513505305701774e-01
6.359359359359360031e-01 1.100227635562269990e+00
6.364364364364364368e-01 6.043024977190961655e-01
6.369369369369368705e-01 1.047458187958731912e+00
6.374374374374374153e-01 1.456421378464113570e+00
6.379379379379379600e-01 1.087529534367378092e+00
6.384384384384385047e-01 8.080849434169653511e-01
6.389389389389389384e-01 1.095424495235169493e+00
6.394394394394393721e-01 1.030615229363125218e+00
6.399399399399399169e-01 9.656896608560043838e-01
6.404404404404404616e-01 1.265836096342322747e+00
6.409409409409410063e-01 1.288770794651592722e+00
6.414414414414414400e-01 4.946124349724472236e-01
6.419419419419418738e-01 4.795425406114208200e-01
6.424424424424424185e-01 7.525653669443856941e-01
6.429429429429429632e-01 4.894417667416808282e-01
6.434434434434435079e-01 8.807802604694947579e-01
6.439439439439439417e-01 1.064580035253801960e+00
6.444444444444443754e-01 6.022351653432771457e-01
6.449449449449449201e-01 9.754097558258724154e-01
6.454454454454454648e-01 2.171887687233772235e-01
6.459459459459460096e-01 1.967906806351377380e+00
6.464464464464464433e-01 1.173848697879210423e+00
6.469469469469468770e-01 1.073925963855479004e+00
6.474474474474474217e-01 1.512094520903731976e+00
6.479479479479479664e-01 9.738717353883477035e-01
6.484484484484485112e-01 1.141673344490349962e+00
6.489489489489489449e-01 8.744348652874945893e-01
6.494494494494493786e-01 1.151740418082747519e+00
6.499499499499499233e-01 9.852168971739679870e-01
6.504504504504504681e-01 1.378639694161167828e+00
6.509509509509510128e-01 1.363258228133402916e+00
6.514514514514514465e-01 1.564498997287804727e+00
6.519519519519518802e-01 1.299060850811805778e+00
6.524524524524524249e-01 1.539850821881499687e+00
6.529529529529529697e-01 1.297429380765424245e+00
6.534534534534535144e-01 1.371037313441803906e+00
6.539539539539539481e-01 1.361338799316975212e+00
6.544544544544543818e-01 9.790316690867701954e-01
6.549549549549549265e-01 1.480016353069715906e+00
6.554554554554554713e-01 1.885679011720444276e+00
6.559559559559560160e-01 1.569321598893383518e+00
6.564564564564564497e-01 1.027513846887904814e+00
6.569569569569568834e-01 1.206771716539453143e+00
6.574574574574574282e-01 1.284374287783725865e+00
6.579579579579579729e-01 4.991970298371467551e-01
6.584584584584585176e-01 9.210560642850653679e-01
6.589589589589589513e-01 1.295254637838512357e+00
6.594594594594593850e-01 1.837815091892655239e+00
6.599599599599599298e-01 1.466087122664960996e+00
6.604604604604604745e-01 1.294778923205790022e+00
6.609609609609610192e-01 1.133343249548164788e+00
6.614614614614614529e-01 1.437538819121450651e+00
6.619619619619618867e-01 1.023538964037888022e+00
6.624624624624624314e-01 1.236827386539893325e+00
6.629629629629629761e-01 9.840826153871697901e-01
6.634634634634635209e-01 1.212866613117328018e+00
6.639639639639639546e-01 1.652564921059342051e+00
6.644644644644643883e-01 1.623534855304856084e+00
6.649649649649649330e-01 1.677919034863868175e+00
6.654654654654654777e-01 1.593878544418967147e+00
6.659659659659660225e-01 1.669434927094753496e+00
6.664664664664664562e-01 1.645876266642049668e+00
6.669669669669670009e-01 1.087965297497782258e+00
6.674674674674674346e-01 1.447130715737631634e+00
6.679679679679679793e-01 1.797441998494273552e+00
6.684684684684685241e-01 1.209579023487957095e+00
6.689689689689689578e-01 3.555838408750755519e-01
6.694694694694695025e-01 1.220593819817539227e+00
6.699699699699699362e-01 1.331481719624388216e+00
6.704704704704704810e-01 1.907858876721900243e+00
6.709709709709710257e-01 1.433753732084411370e+00
6.714714714714714594e-01 1.576459436290939875e+00
6.719719719719720041e-01 1.254145799845891140e+00
6.724724724724724378e-01 1.114892689654437996e+00
6.729729729729729826e-01 1.860475150963886826e+00
6.734734734734735273e-01 1.755560721976157534e+00
6.739739739739739610e-01 8.460942420203640957e-01
6.744744744744745057e-01 1.804167287184242685e+00
6.749749749749749395e-01 1.405686674561342775e+00
6.754754754754754842e-01 2.407353258863546230e+00
6.759759759759760289e-01 1.861600845644248770e+00
6.764764764764764626e-01 1.563881405378790834e+00
6.769769769769770074e-01 1.722000328192275109e+00
6.774774774774774411e-01 1.866093325873960707e+00
6.779779779779779858e-01 1.514230763096867882e+00
6.784784784784785305e-01 1.809171504591152724e+00
6.789789789789789642e-01 1.391646149386977172e+00
6.794794794794795090e-01 1.481875833428569544e+00
6.799799799799799427e-01 1.279404943372277614e+00
6.804804804804804874e-01 1.803259782145246959e+00
6.809809809809810321e-01 2.285144698758829751e+00
6.814814814814814659e-01 1.434867493394814231e+00
6.819819819819820106e-01 1.795863184417573200e+00
6.824824824824824443e-01 1.851738975813924659e+00
6.829829829829829890e-01 1.689022064155407898e+00
6.834834834834835338e-01 1.894110624858635017e+00
6.839839839839839675e-01 1.894205582630158480e+00
6.844844844844845122e-01 2.076697073664047100e+00
6.849849849849849459e-01 1.919699950562707924e+00
6.854854854854854906e-01 1.516647032262638639e+00
6.859859859859860354e-01 1.368478217887725723e+00
6.864864864864864691e-01 1.770321175653397194e+00
6.869869869869870138e-01 1.895942260427103676e+00
6.874874874874874475e-01 1.603124433165924678e+00
6.879879879879879923e-01 1.961540812596466843e+00
6.884884884884885370e-01 1.709799299311246745e+00
6.889889889889889707e-01 2.054782327509932838e+00
6.894894894894895154e-01 1.662334067923719294e+00
6.899899899899899491e-01 1.887133424198120579e+00
6.904904904904904939e-01 1.213516365673489084e+00
6.909909909909910386e-01 1.676430956028733821e+00
6.914914914914914723e-01 1.779159575437335938e+00
6.919919919919920170e-01 1.863904560017342948e+00
6.924924924924924508e-01 1.594236491418071111e+00
6.929929929929929955e-01 1.745282496172692710e+00
6.934934934934935402e-01 1.782148982658671166e+00
6.939939939939939739e-01 2.178884784112514073e+00
6.944944944944945187e-01 1.929054875778976497e+00
6.949949949949949524e-01 1.545471496290380831e+00
6.954954954954954971e-01 2.029653878665391264e+00
6.959959959959960418e-01 1.713167702355608002e+00
6.964964964964965866e-01 1.847006844738463993e+00
6.969969969969970203e-01 2.009672565160408375e+00
6.974974974974974540e-01 1.817330727391893275e+00
6.979979979979979987e-01 2.033144573708285385e+00
6.984984984984985434e-01 2.446369258051007023e+00
6.989989989989990882e-01 2.128891184483277854e+00
6.994994994994995219e-01 1.221782408761515448e+00
6.999999999999999556e-01 2.407007116472379415e+00
